 TITLE = "Projeto1" 
 VARIABLES = "X" "Y" "u" "v" "rho" "p" "i" "j" "e" 
 ZONE I =           24  J =          13  DATAPACKING = POINT
    8.4500000000E-06   -3.5279003140E+01    0.0000000000E+00    0.0000000000E+00    1.1977799324E+00    1.0136000000E+05    1.0000000000E+00    1.0000000000E+00    2.8232997705E+06
    1.0306326720E+01   -3.1045768330E+01    0.0000000000E+00    0.0000000000E+00    1.3310071075E+00    1.1388045891E+04    2.0000000000E+00    1.0000000000E+00    2.5340000000E+05
    1.8746475060E+01   -2.7579047530E+01    0.0000000000E+00    0.0000000000E+00    1.3311883055E+00    1.5684807044E+04    3.0000000000E+00    1.0000000000E+00    2.5340000000E+05
    2.5658349530E+01   -2.4740052520E+01    0.0000000000E+00    0.0000000000E+00    1.3313686564E+00    2.1394349312E+04    4.0000000000E+00    1.0000000000E+00    2.5340000000E+05
    3.1318677600E+01   -2.2415119790E+01    0.0000000000E+00    0.0000000000E+00    1.3315489549E+00    2.8894665877E+04    5.0000000000E+00    1.0000000000E+00    2.5340000000E+05
    3.5954079200E+01   -2.0511167100E+01    0.0000000000E+00    0.0000000000E+00    1.3317300200E+00    3.8639173464E+04    6.0000000000E+00    1.0000000000E+00    2.5340000000E+05
    3.9750139730E+01   -1.8951966780E+01    0.0000000000E+00    0.0000000000E+00    1.3319125859E+00    5.1168960305E+04    7.0000000000E+00    1.0000000000E+00    2.5340000000E+05
    4.2858840280E+01   -1.7675093850E+01    0.0000000000E+00    0.0000000000E+00    1.3320972648E+00    6.7128858430E+04    8.0000000000E+00    1.0000000000E+00    2.5340000000E+05
    4.5404642460E+01   -1.6629426760E+01    0.0000000000E+00    0.0000000000E+00    1.3322843822E+00    8.7288664188E+04    9.0000000000E+00    1.0000000000E+00    2.5340000000E+05
    4.7489471440E+01   -1.5773100850E+01    0.0000000000E+00    0.0000000000E+00    1.3350980719E+00    1.0220459891E+05    1.0000000000E+01    1.0000000000E+00    2.5340000000E+05
    4.9607350680E+01   -1.5003262190E+01    0.0000000000E+00    0.0000000000E+00    1.3386332808E+00    1.0790840275E+05    1.1000000000E+01    1.0000000000E+00    2.5340000000E+05
    5.1781269800E+01   -1.4409848660E+01    0.0000000000E+00    0.0000000000E+00    1.3394641159E+00    1.1262728731E+05    1.2000000000E+01    1.0000000000E+00    2.5340000000E+05
    5.3996560260E+01   -1.3996868810E+01    0.0000000000E+00    0.0000000000E+00    1.3400749226E+00    1.1626744750E+05    1.3000000000E+01    1.0000000000E+00    2.5340000000E+05
    5.6238272770E+01   -1.3767109600E+01    0.0000000000E+00    0.0000000000E+00    1.3403995823E+00    1.1850508185E+05    1.4000000000E+01    1.0000000000E+00    2.5340000000E+05
    5.8491279600E+01   -1.3722117420E+01    0.0000000000E+00    0.0000000000E+00    1.3364671488E+00    1.1881823831E+05    1.5000000000E+01    1.0000000000E+00    2.5340000000E+05
    6.0744619520E+01   -1.3769711210E+01    0.0000000000E+00    0.0000000000E+00    1.3325545008E+00    1.0555565519E+05    1.6000000000E+01    1.0000000000E+00    2.5340000000E+05
    6.3553982470E+01   -1.3829049520E+01    0.0000000000E+00    0.0000000000E+00    1.3322546944E+00    8.4284282066E+04    1.7000000000E+01    1.0000000000E+00    2.5340000000E+05
    6.7056569970E+01   -1.3903029860E+01    0.0000000000E+00    0.0000000000E+00    1.3319567427E+00    6.7226868101E+04    1.8000000000E+01    1.0000000000E+00    2.5340000000E+05
    7.1423438710E+01   -1.3995265220E+01    0.0000000000E+00    0.0000000000E+00    1.3316604330E+00    5.3550247358E+04    1.9000000000E+01    1.0000000000E+00    2.5340000000E+05
    7.6867854440E+01   -1.4110260120E+01    0.0000000000E+00    0.0000000000E+00    1.3313655044E+00    4.2586323759E+04    2.0000000000E+01    1.0000000000E+00    2.5340000000E+05
    8.3655707370E+01   -1.4253630600E+01    0.0000000000E+00    0.0000000000E+00    1.3310714980E+00    3.3799413037E+04    2.1000000000E+01    1.0000000000E+00    2.5340000000E+05
    9.2118497430E+01   -1.4432378480E+01    0.0000000000E+00    0.0000000000E+00    1.3307779459E+00    2.6760066817E+04    2.2000000000E+01    1.0000000000E+00    2.5340000000E+05
    1.0266952384E+02   -1.4655233290E+01    0.0000000000E+00    0.0000000000E+00    1.3304842216E+00    2.1124065739E+04    2.3000000000E+01    1.0000000000E+00    2.5340000000E+05
    1.1582405090E+02   -1.4933078770E+01    0.0000000000E+00    0.0000000000E+00    3.9925997746E-01    3.3786666667E+04    2.4000000000E+01    1.0000000000E+00    4.5868333451E+05
   -3.7493654000E-01   -3.4351956070E+01    0.0000000000E+00    0.0000000000E+00    1.1977799324E+00    8.1873684141E+03    1.0000000000E+00    2.0000000000E+00    2.5340000000E+05
    9.9825822500E+00   -3.0229171540E+01    0.0000000000E+00    0.0000000000E+00    1.1977799324E+00    1.0136000000E+05    2.0000000000E+00    2.0000000000E+00    2.5062670577E+06
    1.8465667490E+01   -2.6852503770E+01    0.0000000000E+00    0.0000000000E+00    1.1977799324E+00    1.0136000000E+05    3.0000000000E+00    2.0000000000E+00    1.8199375812E+06
    2.5413537970E+01   -2.4086928300E+01    0.0000000000E+00    0.0000000000E+00    1.1977799324E+00    1.0136000000E+05    4.0000000000E+00    2.0000000000E+00    1.3344288595E+06
    3.1104036770E+01   -2.1821850880E+01    0.0000000000E+00    0.0000000000E+00    1.1977799324E+00    1.0136000000E+05    5.0000000000E+00    2.0000000000E+00    9.8817904694E+05
    3.5764723450E+01   -1.9966692010E+01    0.0000000000E+00    0.0000000000E+00    1.1977799324E+00    1.0136000000E+05    6.0000000000E+00    2.0000000000E+00    7.3906824349E+05
    3.9581973480E+01   -1.8447265030E+01    0.0000000000E+00    0.0000000000E+00    1.1977799324E+00    1.0136000000E+05    7.0000000000E+00    2.0000000000E+00    5.5816848237E+05
    4.2708431140E+01   -1.7202809630E+01    0.0000000000E+00    0.0000000000E+00    1.1977799324E+00    1.0136000000E+05    8.0000000000E+00    2.0000000000E+00    4.2552281912E+05
    4.5269114030E+01   -1.6183562030E+01    0.0000000000E+00    0.0000000000E+00    1.1977799324E+00    1.0136000000E+05    9.0000000000E+00    2.0000000000E+00    3.2729190905E+05
    4.7366413090E+01   -1.5348765120E+01    0.0000000000E+00    0.0000000000E+00    1.1977799324E+00    1.0136000000E+05    1.0000000000E+01    2.0000000000E+00    2.8011664124E+05
    4.9504999150E+01   -1.4598047580E+01    0.0000000000E+00    0.0000000000E+00    1.1977799324E+00    1.0136000000E+05    1.1000000000E+01    2.0000000000E+00    2.6601279952E+05
    5.1698067720E+01   -1.4018847730E+01    0.0000000000E+00    0.0000000000E+00    1.1977799324E+00    1.0136000000E+05    1.2000000000E+01    2.0000000000E+00    2.5502551848E+05
    5.3931360230E+01   -1.3615074210E+01    0.0000000000E+00    0.0000000000E+00    1.1977799324E+00    1.0136000000E+05    1.3000000000E+01    2.0000000000E+00    2.4715370301E+05
    5.6190344140E+01   -1.3389449650E+01    0.0000000000E+00    0.0000000000E+00    1.1977799324E+00    1.0136000000E+05    1.4000000000E+01    2.0000000000E+00    2.4254564943E+05
    5.8460312160E+01   -1.3343492330E+01    0.0000000000E+00    0.0000000000E+00    1.1977799324E+00    1.0136000000E+05    1.5000000000E+01    2.0000000000E+00    2.4119669850E+05
    6.0717878330E+01   -1.3389802890E+01    0.0000000000E+00    0.0000000000E+00    1.1977799324E+00    1.0136000000E+05    1.6000000000E+01    2.0000000000E+00    2.7070710504E+05
    6.3531877740E+01   -1.3447528720E+01    0.0000000000E+00    0.0000000000E+00    1.1977799324E+00    1.0136000000E+05    1.7000000000E+01    2.0000000000E+00    3.3895094352E+05
    6.7039463590E+01   -1.3519483110E+01    0.0000000000E+00    0.0000000000E+00    1.1977799324E+00    1.0136000000E+05    1.8000000000E+01    2.0000000000E+00    4.2485762912E+05
    7.1411597120E+01   -1.3609173330E+01    0.0000000000E+00    0.0000000000E+00    1.1977799324E+00    1.0136000000E+05    1.9000000000E+01    2.0000000000E+00    5.3324672207E+05
    7.6861381490E+01   -1.3720971250E+01    0.0000000000E+00    0.0000000000E+00    1.1977799324E+00    1.0136000000E+05    2.0000000000E+01    2.0000000000E+00    6.7038351850E+05
    8.3654450210E+01   -1.3860326380E+01    0.0000000000E+00    0.0000000000E+00    1.1977799324E+00    1.0136000000E+05    2.1000000000E+01    2.0000000000E+00    8.4447812737E+05
    9.2121916200E+01   -1.4034031630E+01    0.0000000000E+00    0.0000000000E+00    1.1977799324E+00    1.0136000000E+05    2.2000000000E+01    2.0000000000E+00    1.0663863596E+06
    1.0267651289E+02   -1.4250554360E+01    0.0000000000E+00    0.0000000000E+00    1.1977799324E+00    1.0136000000E+05    2.3000000000E+01    2.0000000000E+00    1.3506051394E+06
    1.1583269561E+02   -1.4520449310E+01    0.0000000000E+00    0.0000000000E+00    1.0584829668E+00    5.6018361362E+03    2.4000000000E+01    2.0000000000E+00    8.4466666667E+04
   -8.1922002000E-01   -3.3214552130E+01    0.0000000000E+00    0.0000000000E+00    1.1977799324E+00    6.7005824352E+03    1.0000000000E+00    3.0000000000E+00    2.5340000000E+05
    9.5991315900E+00   -2.9227426920E+01    0.0000000000E+00    0.0000000000E+00    1.1977799324E+00    1.0136000000E+05    2.0000000000E+00    3.0000000000E+00    3.0625081251E+06
    1.8133277590E+01   -2.5961397340E+01    0.0000000000E+00    0.0000000000E+00    1.1977799324E+00    1.0136000000E+05    3.0000000000E+00    3.0000000000E+00    2.2240817598E+06
    2.5123991480E+01   -2.3286050360E+01    0.0000000000E+00    0.0000000000E+00    1.1977799324E+00    1.0136000000E+05    4.0000000000E+00    3.0000000000E+00    1.6308981557E+06
    3.0850429370E+01   -2.1094553290E+01    0.0000000000E+00    0.0000000000E+00    1.1977799324E+00    1.0136000000E+05    5.0000000000E+00    3.0000000000E+00    1.2078093100E+06
    3.5541258340E+01   -1.9299394780E+01    0.0000000000E+00    0.0000000000E+00    1.1977799324E+00    1.0136000000E+05    6.0000000000E+00    3.0000000000E+00    9.0338804744E+05
    3.9383786280E+01   -1.7828890980E+01    0.0000000000E+00    0.0000000000E+00    1.1977799324E+00    1.0136000000E+05    7.0000000000E+00    3.0000000000E+00    6.8230670205E+05
    4.2531441210E+01   -1.6624323360E+01    0.0000000000E+00    0.0000000000E+00    1.1977799324E+00    1.0136000000E+05    8.0000000000E+00    3.0000000000E+00    5.2018864731E+05
    4.5109898660E+01   -1.5637593960E+01    0.0000000000E+00    0.0000000000E+00    1.1977799324E+00    1.0136000000E+05    9.0000000000E+00    3.0000000000E+00    4.0012680444E+05
    4.7222101310E+01   -1.4829304830E+01    0.0000000000E+00    0.0000000000E+00    1.1977799324E+00    1.0136000000E+05    1.0000000000E+01    3.0000000000E+00    3.4327090348E+05
    4.9384793640E+01   -1.4102194370E+01    0.0000000000E+00    0.0000000000E+00    1.1977799324E+00    1.0136000000E+05    1.1000000000E+01    3.0000000000E+00    3.2708527826E+05
    5.1600068280E+01   -1.3540614770E+01    0.0000000000E+00    0.0000000000E+00    1.1977799324E+00    1.0136000000E+05    1.2000000000E+01    3.0000000000E+00    3.1390722500E+05
    5.3854166510E+01   -1.3148350710E+01    0.0000000000E+00    0.0000000000E+00    1.1977799324E+00    1.0136000000E+05    1.3000000000E+01    3.0000000000E+00    3.0443095491E+05
    5.6133064010E+01   -1.2928043990E+01    0.0000000000E+00    0.0000000000E+00    1.1977799324E+00    1.0136000000E+05    1.4000000000E+01    3.0000000000E+00    2.9883405565E+05
    5.8422566480E+01   -1.2881175950E+01    0.0000000000E+00    0.0000000000E+00    1.1977799324E+00    1.0136000000E+05    1.5000000000E+01    3.0000000000E+00    2.9613503832E+05
    6.0685277420E+01   -1.2925914190E+01    0.0000000000E+00    0.0000000000E+00    1.1977799324E+00    1.0136000000E+05    1.6000000000E+01    3.0000000000E+00    3.3127711304E+05
    6.3504918180E+01   -1.2981665290E+01    0.0000000000E+00    0.0000000000E+00    1.1977799324E+00    1.0136000000E+05    1.7000000000E+01    3.0000000000E+00    4.1467825797E+05
    6.7018581810E+01   -1.3051139870E+01    0.0000000000E+00    0.0000000000E+00    1.1977799324E+00    1.0136000000E+05    1.8000000000E+01    3.0000000000E+00    5.1963810441E+05
    7.1397111430E+01   -1.3137716350E+01    0.0000000000E+00    0.0000000000E+00    1.1977799324E+00    1.0136000000E+05    1.9000000000E+01    3.0000000000E+00    6.5203238258E+05
    7.6853409680E+01   -1.3245604970E+01    0.0000000000E+00    0.0000000000E+00    1.1977799324E+00    1.0136000000E+05    2.0000000000E+01    3.0000000000E+00    8.1949753736E+05
    8.3652794060E+01   -1.3380052480E+01    0.0000000000E+00    0.0000000000E+00    1.1977799324E+00    1.0136000000E+05    2.1000000000E+01    3.0000000000E+00    1.0320376959E+06
    9.2125901690E+01   -1.3547597450E+01    0.0000000000E+00    0.0000000000E+00    1.1977799324E+00    1.0136000000E+05    2.2000000000E+01    3.0000000000E+00    1.3028771497E+06
    1.0268477089E+02   -1.3756388210E+01    0.0000000000E+00    0.0000000000E+00    1.1977799324E+00    1.0136000000E+05    2.3000000000E+01    3.0000000000E+00    1.6496702950E+06
    1.1584286401E+02   -1.4016579340E+01    0.0000000000E+00    0.0000000000E+00    1.0586311716E+00    4.5869335486E+03    2.4000000000E+01    3.0000000000E+00    8.4466666667E+04
   -1.3413917200E+00   -3.1817897940E+01    0.0000000000E+00    0.0000000000E+00    1.1977799324E+00    5.4829632476E+03    1.0000000000E+00    4.0000000000E+00    2.5340000000E+05
    9.1489013400E+00   -2.7997494540E+01    0.0000000000E+00    0.0000000000E+00    1.1977799324E+00    1.0136000000E+05    2.0000000000E+00    4.0000000000E+00    3.7427818121E+06
    1.7743498550E+01   -2.4867483350E+01    0.0000000000E+00    0.0000000000E+00    1.1977799324E+00    1.0136000000E+05    3.0000000000E+00    4.0000000000E+00    2.7184409101E+06
    2.4784987760E+01   -2.2303101760E+01    0.0000000000E+00    0.0000000000E+00    1.1977799324E+00    1.0136000000E+05    4.0000000000E+00    4.0000000000E+00    1.9936041020E+06
    3.0554060080E+01   -2.0202127720E+01    0.0000000000E+00    0.0000000000E+00    1.1977799324E+00    1.0136000000E+05    5.0000000000E+00    4.0000000000E+00    1.4765427910E+06
    3.5280679510E+01   -1.8480811930E+01    0.0000000000E+00    0.0000000000E+00    1.1977799324E+00    1.0136000000E+05    6.0000000000E+00    4.0000000000E+00    1.1044656665E+06
    3.9153247660E+01   -1.7070540360E+01    0.0000000000E+00    0.0000000000E+00    1.1977799324E+00    1.0136000000E+05    7.0000000000E+00    4.0000000000E+00    8.3422745475E+05
    4.2326113370E+01   -1.5915099610E+01    0.0000000000E+00    0.0000000000E+00    1.1977799324E+00    1.0136000000E+05    8.0000000000E+00    4.0000000000E+00    6.3605035616E+05
    4.4925726290E+01   -1.4968436220E+01    0.0000000000E+00    0.0000000000E+00    1.1977799324E+00    1.0136000000E+05    9.0000000000E+00    4.0000000000E+00    4.8927698490E+05
    4.7055679380E+01   -1.4192820810E+01    0.0000000000E+00    0.0000000000E+00    1.1977799324E+00    1.0136000000E+05    1.0000000000E+01    4.0000000000E+00    4.2084741261E+05
    4.9245912110E+01   -1.3494964160E+01    0.0000000000E+00    0.0000000000E+00    1.1977799324E+00    1.0136000000E+05    1.1000000000E+01    4.0000000000E+00    4.0250420022E+05
    5.1486408710E+01   -1.2955334700E+01    0.0000000000E+00    0.0000000000E+00    1.1977799324E+00    1.0136000000E+05    1.2000000000E+01    4.0000000000E+00    3.8676814857E+05
    5.3764019790E+01   -1.2577563400E+01    0.0000000000E+00    0.0000000000E+00    1.1977799324E+00    1.0136000000E+05    1.3000000000E+01    4.0000000000E+00    3.7539659000E+05
    5.6065340850E+01   -1.2364190610E+01    0.0000000000E+00    0.0000000000E+00    1.1977799324E+00    1.0136000000E+05    1.4000000000E+01    4.0000000000E+00    3.6860066968E+05
    5.8376803500E+01   -1.2316649350E+01    0.0000000000E+00    0.0000000000E+00    1.1977799324E+00    1.0136000000E+05    1.5000000000E+01    4.0000000000E+00    3.6387429122E+05
    6.0645767600E+01   -1.2359460680E+01    0.0000000000E+00    0.0000000000E+00    1.1977799324E+00    1.0136000000E+05    1.6000000000E+01    4.0000000000E+00    4.0561065142E+05
    6.3472260180E+01   -1.2412793280E+01    0.0000000000E+00    0.0000000000E+00    1.1977799324E+00    1.0136000000E+05    1.7000000000E+01    4.0000000000E+00    5.0755718044E+05
    6.6993298720E+01   -1.2479232650E+01    0.0000000000E+00    0.0000000000E+00    1.1977799324E+00    1.0136000000E+05    1.8000000000E+01    4.0000000000E+00    6.3581484517E+05
    7.1379579410E+01   -1.2562000360E+01    0.0000000000E+00    0.0000000000E+00    1.1977799324E+00    1.0136000000E+05    1.9000000000E+01    4.0000000000E+00    7.9754394093E+05
    7.6843756600E+01   -1.2665109890E+01    0.0000000000E+00    0.0000000000E+00    1.1977799324E+00    1.0136000000E+05    2.0000000000E+01    4.0000000000E+00    1.0020472700E+06
    8.3650757510E+01   -1.2793561370E+01    0.0000000000E+00    0.0000000000E+00    1.1977799324E+00    1.0136000000E+05    2.1000000000E+01    4.0000000000E+00    1.2615076887E+06
    9.2130632620E+01   -1.2953584120E+01    0.0000000000E+00    0.0000000000E+00    1.1977799324E+00    1.0136000000E+05    2.2000000000E+01    4.0000000000E+00    1.5920233743E+06
    1.0269456436E+02   -1.3152938790E+01    0.0000000000E+00    0.0000000000E+00    1.1977799324E+00    1.0136000000E+05    2.3000000000E+01    4.0000000000E+00    2.0150765972E+06
    1.1585479368E+02   -1.3401293890E+01    0.0000000000E+00    0.0000000000E+00    1.0588264934E+00    3.7558493607E+03    2.4000000000E+01    4.0000000000E+00    8.4466666667E+04
   -1.9484990300E+00   -3.0101349610E+01    0.0000000000E+00    0.0000000000E+00    1.1977799324E+00    4.4856217491E+03    1.0000000000E+00    5.0000000000E+00    2.5340000000E+05
    8.6264727800E+00   -2.6485958430E+01    0.0000000000E+00    0.0000000000E+00    1.1977799324E+00    1.0136000000E+05    2.0000000000E+00    5.0000000000E+00    4.5751505126E+06
    1.7292317850E+01   -2.3523274230E+01    0.0000000000E+00    0.0000000000E+00    1.1977799324E+00    1.0136000000E+05    3.0000000000E+00    5.0000000000E+00    3.3234367541E+06
    2.4393725320E+01   -2.1095457340E+01    0.0000000000E+00    0.0000000000E+00    1.1977799324E+00    1.0136000000E+05    4.0000000000E+00    5.0000000000E+00    2.4375399271E+06
    3.0213167820E+01   -1.9105937190E+01    0.0000000000E+00    0.0000000000E+00    1.1977799324E+00    1.0136000000E+05    5.0000000000E+00    5.0000000000E+00    1.8054890725E+06
    3.4982117740E+01   -1.7475577610E+01    0.0000000000E+00    0.0000000000E+00    1.1977799324E+00    1.0136000000E+05    6.0000000000E+00    5.0000000000E+00    1.3506108937E+06
    3.8890251290E+01   -1.6139530400E+01    0.0000000000E+00    0.0000000000E+00    1.1977799324E+00    1.0136000000E+05    7.0000000000E+00    5.0000000000E+00    1.0202053223E+06
    4.2092992540E+01   -1.5044656460E+01    0.0000000000E+00    0.0000000000E+00    1.1977799324E+00    1.0136000000E+05    8.0000000000E+00    5.0000000000E+00    7.7789001782E+05
    4.4717696890E+01   -1.4147412240E+01    0.0000000000E+00    0.0000000000E+00    1.1977799324E+00    1.0136000000E+05    9.0000000000E+00    5.0000000000E+00    5.9841988673E+05
    4.6868719460E+01   -1.3412117490E+01    0.0000000000E+00    0.0000000000E+00    1.1977799324E+00    1.0136000000E+05    1.0000000000E+01    5.0000000000E+00    5.1608475818E+05
    4.9089521780E+01   -1.2750664590E+01    0.0000000000E+00    0.0000000000E+00    1.1977799324E+00    1.0136000000E+05    1.1000000000E+01    5.0000000000E+00    4.9553923140E+05
    5.1357759230E+01   -1.2238528860E+01    0.0000000000E+00    0.0000000000E+00    1.1977799324E+00    1.0136000000E+05    1.2000000000E+01    5.0000000000E+00    4.7685387101E+05
    5.3661025250E+01   -1.1879150670E+01    0.0000000000E+00    0.0000000000E+00    1.1977799324E+00    1.0136000000E+05    1.3000000000E+01    5.0000000000E+00    4.6326927170E+05
    5.5986671240E+01   -1.1674943080E+01    0.0000000000E+00    0.0000000000E+00    1.1977799324E+00    1.0136000000E+05    1.4000000000E+01    5.0000000000E+00    4.5503376037E+05
    5.8321892460E+01   -1.1627276230E+01    0.0000000000E+00    0.0000000000E+00    1.1977799324E+00    1.0136000000E+05    1.5000000000E+01    5.0000000000E+00    4.4742693793E+05
    6.0598429660E+01   -1.1667725950E+01    0.0000000000E+00    0.0000000000E+00    1.1977799324E+00    1.0136000000E+05    1.6000000000E+01    5.0000000000E+00    4.9694301958E+05
    6.3433210150E+01   -1.1718096700E+01    0.0000000000E+00    0.0000000000E+00    1.1977799324E+00    1.0136000000E+05    1.7000000000E+01    5.0000000000E+00    6.2159122856E+05
    6.6963154880E+01   -1.1780821780E+01    0.0000000000E+00    0.0000000000E+00    1.1977799324E+00    1.0136000000E+05    1.8000000000E+01    5.0000000000E+00    7.7834621706E+05
    7.1358775240E+01   -1.1858931950E+01    0.0000000000E+00    0.0000000000E+00    1.1977799324E+00    1.0136000000E+05    1.9000000000E+01    5.0000000000E+00    9.7592867915E+05
    7.6832415470E+01   -1.1956201640E+01    0.0000000000E+00    0.0000000000E+00    1.1977799324E+00    1.0136000000E+05    2.0000000000E+01    5.0000000000E+00    1.2256636525E+06
    8.3648517490E+01   -1.2077331390E+01    0.0000000000E+00    0.0000000000E+00    1.1977799324E+00    1.0136000000E+05    2.1000000000E+01    5.0000000000E+00    1.5423752384E+06
    9.2136404360E+01   -1.2228175150E+01    0.0000000000E+00    0.0000000000E+00    1.1977799324E+00    1.0136000000E+05    2.2000000000E+01    5.0000000000E+00    1.9456416810E+06
    1.0270619947E+02   -1.2416023240E+01    0.0000000000E+00    0.0000000000E+00    1.1977799324E+00    1.0136000000E+05    2.3000000000E+01    5.0000000000E+00    2.4615748970E+06
    1.1586863495E+02   -1.2649954860E+01    0.0000000000E+00    0.0000000000E+00    1.0590851707E+00    3.0753373149E+03    2.4000000000E+01    5.0000000000E+00    8.4466666667E+04
   -2.6440171400E+00   -2.7989633500E+01    0.0000000000E+00    0.0000000000E+00    1.1977799324E+00    3.6684491955E+03    1.0000000000E+00    6.0000000000E+00    2.5340000000E+05
    8.0301409900E+00   -2.4626487800E+01    0.0000000000E+00    0.0000000000E+00    1.1977799324E+00    1.0136000000E+05    2.0000000000E+00    6.0000000000E+00    5.5944715203E+06
    1.6779571680E+01   -2.1869785270E+01    0.0000000000E+00    0.0000000000E+00    1.1977799324E+00    1.0136000000E+05    3.0000000000E+00    6.0000000000E+00    4.0644423928E+06
    2.3951377310E+01   -1.9610166800E+01    0.0000000000E+00    0.0000000000E+00    1.1977799324E+00    1.0136000000E+05    4.0000000000E+00    6.0000000000E+00    2.9813346532E+06
    2.9830081800E+01   -1.7757988250E+01    0.0000000000E+00    0.0000000000E+00    1.1977799324E+00    1.0136000000E+05    5.0000000000E+00    6.0000000000E+00    2.2084493820E+06
    3.4648898760E+01   -1.6239770220E+01    0.0000000000E+00    0.0000000000E+00    1.1977799324E+00    1.0136000000E+05    6.0000000000E+00    6.0000000000E+00    1.6521433773E+06
    3.8598979480E+01   -1.4995284460E+01    0.0000000000E+00    0.0000000000E+00    1.1977799324E+00    1.0136000000E+05    7.0000000000E+00    6.0000000000E+00    1.2480289752E+06
    4.1836995390E+01   -1.3975165280E+01    0.0000000000E+00    0.0000000000E+00    1.1977799324E+00    1.0136000000E+05    8.0000000000E+00    6.0000000000E+00    9.5164058910E+05
    4.4491355150E+01   -1.3138951090E+01    0.0000000000E+00    0.0000000000E+00    1.1977799324E+00    1.0136000000E+05    9.0000000000E+00    6.0000000000E+00    7.3211554494E+05
    4.6667302190E+01   -1.2453478970E+01    0.0000000000E+00    0.0000000000E+00    1.1977799324E+00    1.0136000000E+05    1.0000000000E+01    6.0000000000E+00    6.3283516552E+05
    4.8920542700E+01   -1.1837506060E+01    0.0000000000E+00    0.0000000000E+00    1.1977799324E+00    1.0136000000E+05    1.1000000000E+01    6.0000000000E+00    6.0993382595E+05
    5.1217767060E+01   -1.1359980810E+01    0.0000000000E+00    0.0000000000E+00    1.1977799324E+00    1.0136000000E+05    1.2000000000E+01    6.0000000000E+00    5.8788485918E+05
    5.3547474250E+01   -1.1024107310E+01    0.0000000000E+00    0.0000000000E+00    1.1977799324E+00    1.0136000000E+05    1.3000000000E+01    6.0000000000E+00    5.7175445083E+05
    5.5897937520E+01   -1.0832139080E+01    0.0000000000E+00    0.0000000000E+00    1.1977799324E+00    1.0136000000E+05    1.4000000000E+01    6.0000000000E+00    5.6182985694E+05
    5.8257283820E+01   -1.0785364750E+01    0.0000000000E+00    0.0000000000E+00    1.1977799324E+00    1.0136000000E+05    1.5000000000E+01    6.0000000000E+00    5.5043394411E+05
    6.0542934920E+01   -1.0822920750E+01    0.0000000000E+00    0.0000000000E+00    1.1977799324E+00    1.0136000000E+05    1.6000000000E+01    6.0000000000E+00    6.0932524814E+05
    6.3387668370E+01   -1.0869665670E+01    0.0000000000E+00    0.0000000000E+00    1.1977799324E+00    1.0136000000E+05    1.7000000000E+01    6.0000000000E+00    7.6177893944E+05
    6.6928278510E+01   -1.0927847880E+01    0.0000000000E+00    0.0000000000E+00    1.1977799324E+00    1.0136000000E+05    1.8000000000E+01    6.0000000000E+00    9.5340400754E+05
    7.1335040140E+01   -1.1000266600E+01    0.0000000000E+00    0.0000000000E+00    1.1977799324E+00    1.0136000000E+05    1.9000000000E+01    6.0000000000E+00    1.1948133133E+06
    7.6819904930E+01   -1.1090406260E+01    0.0000000000E+00    0.0000000000E+00    1.1977799324E+00    1.0136000000E+05    2.0000000000E+01    6.0000000000E+00    1.4997808062E+06
    8.3646704750E+01   -1.1202604360E+01    0.0000000000E+00    0.0000000000E+00    1.1977799324E+00    1.0136000000E+05    2.1000000000E+01    6.0000000000E+00    1.8863244689E+06
    9.2143852340E+01   -1.1342260220E+01    0.0000000000E+00    0.0000000000E+00    1.1977799324E+00    1.0136000000E+05    2.2000000000E+01    6.0000000000E+00    2.3782240814E+06
    1.0272015028E+02   -1.1516094970E+01    0.0000000000E+00    0.0000000000E+00    1.1977799324E+00    1.0136000000E+05    2.3000000000E+01    6.0000000000E+00    3.0071714479E+06
    1.1588445383E+02   -1.1732475150E+01    0.0000000000E+00    0.0000000000E+00    1.0594317155E+00    2.5181970208E+03    2.4000000000E+01    6.0000000000E+00    8.4466666667E+04
   -3.4244493700E+00   -2.5389355320E+01    0.0000000000E+00    0.0000000000E+00    1.1977799324E+00    2.9985698016E+03    1.0000000000E+00    7.0000000000E+00    2.5340000000E+05
    7.3651011700E+00   -2.2336822080E+01    0.0000000000E+00    0.0000000000E+00    1.1977799324E+00    1.0136000000E+05    2.0000000000E+00    7.0000000000E+00    6.8444564783E+06
    1.6211961590E+01   -1.9833918240E+01    0.0000000000E+00    0.0000000000E+00    1.1977799324E+00    1.0136000000E+05    3.0000000000E+00    7.0000000000E+00    4.9733435465E+06
    2.3465973270E+01   -1.7781671750E+01    0.0000000000E+00    0.0000000000E+00    1.1977799324E+00    1.0136000000E+05    4.0000000000E+00    7.0000000000E+00    3.6484431073E+06
    2.9413995930E+01   -1.6098927260E+01    0.0000000000E+00    0.0000000000E+00    1.1977799324E+00    1.0136000000E+05    5.0000000000E+00    7.0000000000E+00    2.7028289229E+06
    3.4291232380E+01   -1.4719142240E+01    0.0000000000E+00    0.0000000000E+00    1.1977799324E+00    1.0136000000E+05    6.0000000000E+00    7.0000000000E+00    2.0220962701E+06
    3.8290524370E+01   -1.3587757280E+01    0.0000000000E+00    0.0000000000E+00    1.1977799324E+00    1.0136000000E+05    7.0000000000E+00    7.0000000000E+00    1.5275472535E+06
    4.1569977270E+01   -1.2660039290E+01    0.0000000000E+00    0.0000000000E+00    1.1977799324E+00    1.0136000000E+05    8.0000000000E+00    7.0000000000E+00    1.1648122461E+06
    4.4259214110E+01   -1.1899312610E+01    0.0000000000E+00    0.0000000000E+00    1.1977799324E+00    1.0136000000E+05    9.0000000000E+00    7.0000000000E+00    8.9614144561E+05
    4.6464505540E+01   -1.1275508220E+01    0.0000000000E+00    0.0000000000E+00    1.1977799324E+00    1.0136000000E+05    1.0000000000E+01    7.0000000000E+00    7.7562779896E+05
    4.8749833090E+01   -1.0716465510E+01    0.0000000000E+00    0.0000000000E+00    1.1977799324E+00    1.0136000000E+05    1.1000000000E+01    7.0000000000E+00    7.4970352843E+05
    5.1074933610E+01   -1.0282610490E+01    0.0000000000E+00    0.0000000000E+00    1.1977799324E+00    1.0136000000E+05    1.2000000000E+01    7.0000000000E+00    7.2379564378E+05
    5.3429410000E+01   -9.9768544500E+00    0.0000000000E+00    0.0000000000E+00    1.1977799324E+00    1.0136000000E+05    1.3000000000E+01    7.0000000000E+00    7.0476419261E+05
    5.5802659770E+01   -9.8012510800E+00    0.0000000000E+00    0.0000000000E+00    1.1977799324E+00    1.0136000000E+05    1.4000000000E+01    7.0000000000E+00    6.9293373260E+05
    5.8183946580E+01   -9.7569836600E+00    0.0000000000E+00    0.0000000000E+00    1.1977799324E+00    1.0136000000E+05    1.5000000000E+01    7.0000000000E+00    6.7712876564E+05
    6.0480449870E+01   -9.7909973100E+00    0.0000000000E+00    0.0000000000E+00    1.1977799324E+00    1.0136000000E+05    1.6000000000E+01    7.0000000000E+00    7.4776871195E+05
    6.3336991030E+01   -9.8333085300E+00    0.0000000000E+00    0.0000000000E+00    1.1977799324E+00    1.0136000000E+05    1.7000000000E+01    7.0000000000E+00    9.3428593751E+05
    6.6890192450E+01   -9.8859417600E+00    0.0000000000E+00    0.0000000000E+00    1.1977799324E+00    1.0136000000E+05    1.8000000000E+01    7.0000000000E+00    1.1685787805E+06
    7.1310018090E+01   -9.9514159200E+00    0.0000000000E+00    0.0000000000E+00    1.1977799324E+00    1.0136000000E+05    1.9000000000E+01    7.0000000000E+00    1.4635500460E+06
    7.6807912830E+01   -1.0032864870E+01    0.0000000000E+00    0.0000000000E+00    1.1977799324E+00    1.0136000000E+05    2.0000000000E+01    7.0000000000E+00    1.8359326086E+06
    8.3646928990E+01   -1.0134187500E+01    0.0000000000E+00    0.0000000000E+00    1.1977799324E+00    1.0136000000E+05    2.1000000000E+01    7.0000000000E+00    2.3075967547E+06
    9.2154324430E+01   -1.0260234460E+01    0.0000000000E+00    0.0000000000E+00    1.1977799324E+00    1.0136000000E+05    2.2000000000E+01    7.0000000000E+00    2.9073802310E+06
    1.0273723471E+02   -1.0417040520E+01    0.0000000000E+00    0.0000000000E+00    1.1977799324E+00    1.0136000000E+05    2.3000000000E+01    7.0000000000E+00    3.6736782662E+06
    1.1590215597E+02   -1.0612113640E+01    0.0000000000E+00    0.0000000000E+00    1.0598763230E+00    2.0621915194E+03    2.4000000000E+01    7.0000000000E+00    8.4466666667E+04
   -4.2738442500E+00   -2.2184900350E+01    0.0000000000E+00    0.0000000000E+00    1.1977799324E+00    2.4492012856E+03    1.0000000000E+00    8.0000000000E+00    2.5340000000E+05
    6.6478971600E+00   -1.9515423210E+01    0.0000000000E+00    0.0000000000E+00    1.1977799324E+00    1.0136000000E+05    2.0000000000E+00    8.0000000000E+00    8.3803866266E+06
    1.5606661130E+01   -1.7325743600E+01    0.0000000000E+00    0.0000000000E+00    1.1977799324E+00    1.0136000000E+05    3.0000000000E+00    8.0000000000E+00    6.0908531283E+06
    2.2955320460E+01   -1.5529615580E+01    0.0000000000E+00    0.0000000000E+00    1.1977799324E+00    1.0136000000E+05    4.0000000000E+00    8.0000000000E+00    4.4690962696E+06
    2.8983332170E+01   -1.4056291840E+01    0.0000000000E+00    0.0000000000E+00    1.1977799324E+00    1.0136000000E+05    5.0000000000E+00    8.0000000000E+00    3.3112670895E+06
    3.3928121050E+01   -1.2847741360E+01    0.0000000000E+00    0.0000000000E+00    1.1977799324E+00    1.0136000000E+05    6.0000000000E+00    8.0000000000E+00    2.4775710105E+06
    3.7984425620E+01   -1.1856365270E+01    0.0000000000E+00    0.0000000000E+00    1.1977799324E+00    1.0136000000E+05    7.0000000000E+00    8.0000000000E+00    1.8717903876E+06
    4.1311967090E+01   -1.1043122710E+01    0.0000000000E+00    0.0000000000E+00    1.1977799324E+00    1.0136000000E+05    8.0000000000E+00    8.0000000000E+00    1.4274176797E+06
    4.4041742670E+01   -1.0375992950E+01    0.0000000000E+00    0.0000000000E+00    1.1977799324E+00    1.0136000000E+05    9.0000000000E+00    8.0000000000E+00    1.0982546376E+06
    4.6281190000E+01   -9.8287136300E+00    0.0000000000E+00    0.0000000000E+00    1.1977799324E+00    1.0136000000E+05    1.0000000000E+01    8.0000000000E+00    9.5006533803E+05
    4.8595101130E+01   -9.3407358100E+00    0.0000000000E+00    0.0000000000E+00    1.1977799324E+00    1.0136000000E+05    1.1000000000E+01    8.0000000000E+00    9.1909916643E+05
    5.0943648260E+01   -8.9617716300E+00    0.0000000000E+00    0.0000000000E+00    1.1977799324E+00    1.0136000000E+05    1.2000000000E+01    8.0000000000E+00    8.8850362157E+05
    5.3317779820E+01   -8.6943694800E+00    0.0000000000E+00    0.0000000000E+00    1.1977799324E+00    1.0136000000E+05    1.3000000000E+01    8.0000000000E+00    8.6606159547E+05
    5.5708264180E+01   -8.5403327900E+00    0.0000000000E+00    0.0000000000E+00    1.1977799324E+00    1.0136000000E+05    1.4000000000E+01    8.0000000000E+00    8.5212955313E+05
    5.8105751720E+01   -8.5007089600E+00    0.0000000000E+00    0.0000000000E+00    1.1977799324E+00    1.0136000000E+05    1.5000000000E+01    8.0000000000E+00    8.3217426268E+05
    6.0414966400E+01   -8.5303856400E+00    0.0000000000E+00    0.0000000000E+00    1.1977799324E+00    1.0136000000E+05    1.6000000000E+01    8.0000000000E+00    9.1830118951E+05
    6.3285253050E+01   -8.5672758700E+00    0.0000000000E+00    0.0000000000E+00    1.1977799324E+00    1.0136000000E+05    1.7000000000E+01    8.0000000000E+00    1.1465095192E+06
    6.6852991140E+01   -8.6131333500E+00    0.0000000000E+00    0.0000000000E+00    1.1977799324E+00    1.0136000000E+05    1.8000000000E+01    8.0000000000E+00    1.4329569330E+06
    7.1287723850E+01   -8.6701386800E+00    0.0000000000E+00    0.0000000000E+00    1.1977799324E+00    1.0136000000E+05    1.9000000000E+01    8.0000000000E+00    1.7933131560E+06
    7.6800225540E+01   -8.7410029000E+00    0.0000000000E+00    0.0000000000E+00    1.1977799324E+00    1.0136000000E+05    2.0000000000E+01    8.0000000000E+00    2.2478811483E+06
    8.3652531920E+01   -8.8290965700E+00    0.0000000000E+00    0.0000000000E+00    1.1977799324E+00    1.0136000000E+05    2.1000000000E+01    8.0000000000E+00    2.8231719782E+06
    9.2170409630E+01   -8.9386101600E+00    0.0000000000E+00    0.0000000000E+00    1.1977799324E+00    1.0136000000E+05    2.2000000000E+01    8.0000000000E+00    3.5541065753E+06
    1.0275885745E+02   -9.0747535200E+00    0.0000000000E+00    0.0000000000E+00    1.1977799324E+00    1.0136000000E+05    2.3000000000E+01    8.0000000000E+00    4.4871281669E+06
    1.1592136501E+02   -9.2440038400E+00    0.0000000000E+00    0.0000000000E+00    1.0603827602E+00    1.6891534667E+03    2.4000000000E+01    8.0000000000E+00    8.4466666667E+04
   -5.1551058600E+00   -1.8233912820E+01    0.0000000000E+00    0.0000000000E+00    1.1977799324E+00    1.9988760927E+03    1.0000000000E+00    9.0000000000E+00    2.5340000000E+05
    5.9120680500E+00   -1.6037859170E+01    0.0000000000E+00    0.0000000000E+00    1.1977799324E+00    1.0136000000E+05    2.0000000000E+00    9.0000000000E+00    1.0271432385E+07
    1.4994471660E+01   -1.4235646750E+01    0.0000000000E+00    0.0000000000E+00    1.1977799324E+00    1.0136000000E+05    3.0000000000E+00    9.0000000000E+00    7.4689926193E+06
    2.2448120690E+01   -1.2756632780E+01    0.0000000000E+00    0.0000000000E+00    1.1977799324E+00    1.0136000000E+05    4.0000000000E+00    9.0000000000E+00    5.4827175275E+06
    2.8565187600E+01   -1.1542842250E+01    0.0000000000E+00    0.0000000000E+00    1.1977799324E+00    1.0136000000E+05    5.0000000000E+00    9.0000000000E+00    4.0638698938E+06
    3.3585439280E+01   -1.0546698350E+01    0.0000000000E+00    0.0000000000E+00    1.1977799324E+00    1.0136000000E+05    6.0000000000E+00    9.0000000000E+00    3.0417333779E+06
    3.7705629010E+01   -9.7291588800E+00    0.0000000000E+00    0.0000000000E+00    1.1977799324E+00    1.0136000000E+05    7.0000000000E+00    9.0000000000E+00    2.2987159032E+06
    4.1087207090E+01   -9.0581864300E+00    0.0000000000E+00    0.0000000000E+00    1.1977799324E+00    1.0136000000E+05    8.0000000000E+00    9.0000000000E+00    1.7534760028E+06
    4.3862651590E+01   -8.5074922600E+00    0.0000000000E+00    0.0000000000E+00    1.1977799324E+00    1.0136000000E+05    9.0000000000E+00    9.0000000000E+00    1.3494729467E+06
    4.6140666000E+01   -8.0555052300E+00    0.0000000000E+00    0.0000000000E+00    1.1977799324E+00    1.0136000000E+05    1.0000000000E+01    9.0000000000E+00    1.1640260968E+06
    4.8476822510E+01   -7.6555073200E+00    0.0000000000E+00    0.0000000000E+00    1.1977799324E+00    1.0136000000E+05    1.1000000000E+01    9.0000000000E+00    1.1235887048E+06
    5.0841350160E+01   -7.3448003800E+00    0.0000000000E+00    0.0000000000E+00    1.1977799324E+00    1.0136000000E+05    1.2000000000E+01    9.0000000000E+00    1.0865865347E+06
    5.3226837000E+01   -7.1254835900E+00    0.0000000000E+00    0.0000000000E+00    1.1977799324E+00    1.0136000000E+05    1.3000000000E+01    9.0000000000E+00    1.0596808912E+06
    5.5625722490E+01   -6.9990475800E+00    0.0000000000E+00    0.0000000000E+00    1.1977799324E+00    1.0136000000E+05    1.4000000000E+01    9.0000000000E+00    1.0432535919E+06
    5.8030348200E+01   -6.9663654600E+00    0.0000000000E+00    0.0000000000E+00    1.1977799324E+00    1.0136000000E+05    1.5000000000E+01    9.0000000000E+00    1.0208244841E+06
    6.0354140500E+01   -6.9907111600E+00    0.0000000000E+00    0.0000000000E+00    1.1977799324E+00    1.0136000000E+05    1.6000000000E+01    9.0000000000E+00    1.1282109310E+06
    6.3240039320E+01   -7.0209487600E+00    0.0000000000E+00    0.0000000000E+00    1.1977799324E+00    1.0136000000E+05    1.7000000000E+01    9.0000000000E+00    1.4073608325E+06
    6.6824071790E+01   -7.0585044400E+00    0.0000000000E+00    0.0000000000E+00    1.1977799324E+00    1.0136000000E+05    1.8000000000E+01    9.0000000000E+00    1.7574450656E+06
    7.1275197690E+01   -7.1051500400E+00    0.0000000000E+00    0.0000000000E+00    1.1977799324E+00    1.0136000000E+05    1.9000000000E+01    9.0000000000E+00    2.1974692694E+06
    7.6803285570E+01   -7.1630865600E+00    0.0000000000E+00    0.0000000000E+00    1.1977799324E+00    1.0136000000E+05    2.0000000000E+01    9.0000000000E+00    2.7520355078E+06
    8.3669020900E+01   -7.2350480800E+00    0.0000000000E+00    0.0000000000E+00    1.1977799324E+00    1.0136000000E+05    2.1000000000E+01    9.0000000000E+00    3.4532365318E+06
    9.2196213100E+01   -7.3244309200E+00    0.0000000000E+00    0.0000000000E+00    1.1977799324E+00    1.0136000000E+05    2.2000000000E+01    9.0000000000E+00    4.3433007218E+06
    1.0278708136E+02   -7.4354539500E+00    0.0000000000E+00    0.0000000000E+00    1.1977799324E+00    1.0136000000E+05    2.3000000000E+01    9.0000000000E+00    5.4783264143E+06
    1.1594123145E+02   -7.5733578700E+00    0.0000000000E+00    0.0000000000E+00    1.0609104188E+00    1.3842219585E+03    2.4000000000E+01    9.0000000000E+00    8.4466666667E+04
   -5.9964345900E+00   -1.3362947100E+01    0.0000000000E+00    0.0000000000E+00    1.1977799324E+00    1.6307389079E+03    1.0000000000E+00    1.0000000000E+01    2.5340000000E+05
    5.2161465600E+00   -1.1752812630E+01    0.0000000000E+00    0.0000000000E+00    1.1977799324E+00    1.0136000000E+05    2.0000000000E+00    1.0000000000E+01    1.2599016973E+07
    1.4423253910E+01   -1.0430663410E+01    0.0000000000E+00    0.0000000000E+00    1.1977799324E+00    1.0136000000E+05    3.0000000000E+00    1.0000000000E+01    9.1703837776E+06
    2.1983651180E+01   -9.3449799500E+00    0.0000000000E+00    0.0000000000E+00    1.1977799324E+00    1.0136000000E+05    4.0000000000E+00    1.0000000000E+01    6.7377592993E+06
    2.8191934920E+01   -8.4534576600E+00    0.0000000000E+00    0.0000000000E+00    1.1977799324E+00    1.0136000000E+05    5.0000000000E+00    1.0000000000E+01    4.9983511477E+06
    3.3290003650E+01   -7.7213597500E+00    0.0000000000E+00    0.0000000000E+00    1.1977799324E+00    1.0136000000E+05    6.0000000000E+00    1.0000000000E+01    3.7441106338E+06
    3.7476477340E+01   -7.1201645300E+00    0.0000000000E+00    0.0000000000E+00    1.1977799324E+00    1.0136000000E+05    7.0000000000E+00    1.0000000000E+01    2.8315722498E+06
    4.0914434980E+01   -6.6264542400E+00    0.0000000000E+00    0.0000000000E+00    1.1977799324E+00    1.0136000000E+05    8.0000000000E+00    1.0000000000E+01    2.1613904011E+06
    4.3737770880E+01   -6.2210022000E+00    0.0000000000E+00    0.0000000000E+00    1.1977799324E+00    1.0136000000E+05    9.0000000000E+00    1.0000000000E+01    1.6644376908E+06
    4.6056416230E+01   -5.8880229900E+00    0.0000000000E+00    0.0000000000E+00    1.1977799324E+00    1.0136000000E+05    1.0000000000E+01    1.0000000000E+01    1.4289603201E+06
    4.8408137220E+01   -5.5958914200E+00    0.0000000000E+00    0.0000000000E+00    1.1977799324E+00    1.0136000000E+05    1.1000000000E+01    1.0000000000E+01    1.3720169439E+06
    5.0780590450E+01   -5.3690054800E+00    0.0000000000E+00    0.0000000000E+00    1.1977799324E+00    1.0136000000E+05    1.2000000000E+01    1.0000000000E+01    1.3253477434E+06
    5.3168361700E+01   -5.2089091700E+00    0.0000000000E+00    0.0000000000E+00    1.1977799324E+00    1.0136000000E+05    1.3000000000E+01    1.0000000000E+01    1.2918440574E+06
    5.5565927200E+01   -5.1167032100E+00    0.0000000000E+00    0.0000000000E+00    1.1977799324E+00    1.0136000000E+05    1.4000000000E+01    1.0000000000E+01    1.2719085090E+06
    5.7967690580E+01   -5.0930386100E+00    0.0000000000E+00    0.0000000000E+00    1.1977799324E+00    1.0136000000E+05    1.5000000000E+01    1.0000000000E+01    1.2501002974E+06
    6.0307875150E+01   -5.1107941200E+00    0.0000000000E+00    0.0000000000E+00    1.1977799324E+00    1.0136000000E+05    1.6000000000E+01    1.0000000000E+01    1.3869700242E+06
    6.3211094320E+01   -5.1328239300E+00    0.0000000000E+00    0.0000000000E+00    1.1977799324E+00    1.0136000000E+05    1.7000000000E+01    1.0000000000E+01    1.7283410998E+06
    6.6812864390E+01   -5.1601571200E+00    0.0000000000E+00    0.0000000000E+00    1.1977799324E+00    1.0136000000E+05    1.8000000000E+01    1.0000000000E+01    2.1560074764E+06
    7.1281332250E+01   -5.1940709200E+00    0.0000000000E+00    0.0000000000E+00    1.1977799324E+00    1.0136000000E+05    1.9000000000E+01    1.0000000000E+01    2.6929731184E+06
    7.6825135030E+01   -5.2361502200E+00    0.0000000000E+00    0.0000000000E+00    1.1977799324E+00    1.0136000000E+05    2.0000000000E+01    1.0000000000E+01    3.3689820152E+06
    8.3703152770E+01   -5.2883617100E+00    0.0000000000E+00    0.0000000000E+00    1.1977799324E+00    1.0136000000E+05    2.1000000000E+01    1.0000000000E+01    4.2227880434E+06
    9.2236609220E+01   -5.3531458500E+00    0.0000000000E+00    0.0000000000E+00    1.1977799324E+00    1.0136000000E+05    2.2000000000E+01    1.0000000000E+01    5.3053196929E+06
    1.0282408490E+02   -5.4335309500E+00    0.0000000000E+00    0.0000000000E+00    1.1977799324E+00    1.0136000000E+05    2.3000000000E+01    1.0000000000E+01    6.6841417359E+06
    1.1596013811E+02   -5.5332747900E+00    0.0000000000E+00    0.0000000000E+00    1.0615354666E+00    1.1351775233E+03    2.4000000000E+01    1.0000000000E+01    8.4466666667E+04
   -6.6704928300E+00   -7.3647144600E+00    0.0000000000E+00    0.0000000000E+00    1.1977799324E+00    1.3315790483E+03    1.0000000000E+00    1.1000000000E+01    2.5340000000E+05
    4.6581115200E+00   -6.4783326400E+00    0.0000000000E+00    0.0000000000E+00    1.1977799324E+00    1.0136000000E+05    2.0000000000E+00    1.1000000000E+01    1.5448941155E+07
    1.3967113450E+01   -5.7499635300E+00    0.0000000000E+00    0.0000000000E+00    1.1977799324E+00    1.0136000000E+05    3.0000000000E+00    1.1000000000E+01    1.1262732758E+07
    2.1616603960E+01   -5.1514304700E+00    0.0000000000E+00    0.0000000000E+00    1.1977799324E+00    1.0136000000E+05    4.0000000000E+00    1.1000000000E+01    8.2878058559E+06
    2.7902475700E+01   -4.6595809700E+00    0.0000000000E+00    0.0000000000E+00    1.1977799324E+00    1.0136000000E+05    5.0000000000E+00    1.1000000000E+01    6.1572516919E+06
    3.3067867310E+01   -4.2553912100E+00    0.0000000000E+00    0.0000000000E+00    1.1977799324E+00    1.0136000000E+05    6.0000000000E+00    1.1000000000E+01    4.6185861479E+06
    3.7312563820E+01   -3.9232302900E+00    0.0000000000E+00    0.0000000000E+00    1.1977799324E+00    1.0136000000E+05    7.0000000000E+00    1.1000000000E+01    3.4974361825E+06
    4.0800723150E+01   -3.6502555300E+00    0.0000000000E+00    0.0000000000E+00    1.1977799324E+00    1.0136000000E+05    8.0000000000E+00    1.1000000000E+01    2.6728691974E+06
    4.3667227040E+01   -3.4259153100E+00    0.0000000000E+00    0.0000000000E+00    1.1977799324E+00    1.0136000000E+05    9.0000000000E+00    1.1000000000E+01    2.0606088475E+06
    4.6022901230E+01   -3.2415403800E+00    0.0000000000E+00    0.0000000000E+00    1.1977799324E+00    1.0136000000E+05    1.0000000000E+01    1.1000000000E+01    1.7612671236E+06
    4.8386804760E+01   -3.0809501100E+00    0.0000000000E+00    0.0000000000E+00    1.1977799324E+00    1.0136000000E+05    1.1000000000E+01    1.1000000000E+01    1.6802539708E+06
    5.0762120780E+01   -2.9562725900E+00    0.0000000000E+00    0.0000000000E+00    1.1977799324E+00    1.0136000000E+05    1.2000000000E+01    1.1000000000E+01    1.6187499416E+06
    5.3145870510E+01   -2.8683655600E+00    0.0000000000E+00    0.0000000000E+00    1.1977799324E+00    1.0136000000E+05    1.3000000000E+01    1.1000000000E+01    1.5751020718E+06
    5.5535014160E+01   -2.8178438200E+00    0.0000000000E+00    0.0000000000E+00    1.1977799324E+00    1.0136000000E+05    1.4000000000E+01    1.1000000000E+01    1.5497299813E+06
    5.7926471090E+01   -2.8050758000E+00    0.0000000000E+00    0.0000000000E+00    1.1977799324E+00    1.0136000000E+05    1.5000000000E+01    1.1000000000E+01    1.5325320377E+06
    6.0284896260E+01   -2.8146985600E+00    0.0000000000E+00    0.0000000000E+00    1.1977799324E+00    1.0136000000E+05    1.6000000000E+01    1.1000000000E+01    1.7096702451E+06
    6.3207071230E+01   -2.8266229700E+00    0.0000000000E+00    0.0000000000E+00    1.1977799324E+00    1.0136000000E+05    1.7000000000E+01    1.1000000000E+01    2.1275539809E+06
    6.6827789080E+01   -2.8413995900E+00    0.0000000000E+00    0.0000000000E+00    1.1977799324E+00    1.0136000000E+05    1.8000000000E+01    1.1000000000E+01    2.6502778309E+06
    7.1314080610E+01   -2.8597108000E+00    0.0000000000E+00    0.0000000000E+00    1.1977799324E+00    1.0136000000E+05    1.9000000000E+01    1.1000000000E+01    3.3055492929E+06
    7.6872925810E+01   -2.8824023000E+00    0.0000000000E+00    0.0000000000E+00    1.1977799324E+00    1.0136000000E+05    2.0000000000E+01    1.1000000000E+01    4.1291126229E+06
    8.3760809580E+01   -2.9105221200E+00    0.0000000000E+00    0.0000000000E+00    1.1977799324E+00    1.0136000000E+05    2.1000000000E+01    1.1000000000E+01    5.1674249696E+06
    9.2295561990E+01   -2.9453690500E+00    0.0000000000E+00    0.0000000000E+00    1.1977799324E+00    1.0136000000E+05    2.2000000000E+01    1.1000000000E+01    6.4813755822E+06
    1.0287102821E+02   -2.9885526000E+00    0.0000000000E+00    0.0000000000E+00    1.1977799324E+00    1.0136000000E+05    2.3000000000E+01    1.1000000000E+01    8.1515134750E+06
    1.1597524390E+02   -3.0420673400E+00    0.0000000000E+00    0.0000000000E+00    1.0627679720E+00    9.3191248932E+02    2.4000000000E+01    1.1000000000E+01    8.4466666667E+04
   -6.9630203200E+00    0.0000000000E+00    0.0000000000E+00    0.0000000000E+00    1.1977799324E+00    1.2111158641E+03    1.0000000000E+00    1.2000000000E+01    2.5340000000E+05
    4.4008166800E+00    0.0000000000E+00    0.0000000000E+00    0.0000000000E+00    1.1977799324E+00    1.0136000000E+05    2.0000000000E+00    1.2000000000E+01    1.6998767044E+07
    1.3746858780E+01    0.0000000000E+00    0.0000000000E+00    0.0000000000E+00    1.1977799324E+00    1.0136000000E+05    3.0000000000E+00    1.2000000000E+01    1.2408584366E+07
    2.1433400420E+01    0.0000000000E+00    0.0000000000E+00    0.0000000000E+00    1.1977799324E+00    1.0136000000E+05    4.0000000000E+00    1.2000000000E+01    9.1429899275E+06
    2.7755105560E+01    0.0000000000E+00    0.0000000000E+00    0.0000000000E+00    1.1977799324E+00    1.0136000000E+05    5.0000000000E+00    1.2000000000E+01    6.8015909981E+06
    3.2954317080E+01    0.0000000000E+00    0.0000000000E+00    0.0000000000E+00    1.1977799324E+00    1.0136000000E+05    6.0000000000E+00    1.2000000000E+01    5.1086528634E+06
    3.7230347020E+01    0.0000000000E+00    0.0000000000E+00    0.0000000000E+00    1.1977799324E+00    1.0136000000E+05    7.0000000000E+00    1.2000000000E+01    3.8735927034E+06
    4.0747117210E+01    0.0000000000E+00    0.0000000000E+00    0.0000000000E+00    1.1977799324E+00    1.0136000000E+05    8.0000000000E+00    1.2000000000E+01    2.9641260726E+06
    4.3639443200E+01    0.0000000000E+00    0.0000000000E+00    0.0000000000E+00    1.1977799324E+00    1.0136000000E+05    9.0000000000E+00    1.2000000000E+01    2.2879855531E+06
    4.6018202460E+01    0.0000000000E+00    0.0000000000E+00    0.0000000000E+00    1.1977799324E+00    1.0136000000E+05    1.0000000000E+01    1.2000000000E+01    1.9539279192E+06
    4.8396961720E+01    0.0000000000E+00    0.0000000000E+00    0.0000000000E+00    1.1977799324E+00    1.0136000000E+05    1.1000000000E+01    1.2000000000E+01    1.8571277022E+06
    5.0775720980E+01    0.0000000000E+00    0.0000000000E+00    0.0000000000E+00    1.1977799324E+00    1.0136000000E+05    1.2000000000E+01    1.2000000000E+01    1.7819748826E+06
    5.3154480230E+01    0.0000000000E+00    0.0000000000E+00    0.0000000000E+00    1.1977799324E+00    1.0136000000E+05    1.3000000000E+01    1.2000000000E+01    1.7289864945E+06
    5.5533239490E+01    0.0000000000E+00    0.0000000000E+00    0.0000000000E+00    1.1977799324E+00    1.0136000000E+05    1.4000000000E+01    1.2000000000E+01    1.6985331251E+06
    5.7911998750E+01    0.0000000000E+00    0.0000000000E+00    0.0000000000E+00    1.1977799324E+00    1.0136000000E+05    1.5000000000E+01    1.2000000000E+01    1.6908368487E+06
    6.0290758010E+01    0.0000000000E+00    0.0000000000E+00    0.0000000000E+00    1.1977799324E+00    1.0136000000E+05    1.6000000000E+01    1.2000000000E+01    1.8978271519E+06
    6.3233671320E+01    0.0000000000E+00    0.0000000000E+00    0.0000000000E+00    1.1977799324E+00    1.0136000000E+05    1.7000000000E+01    1.2000000000E+01    2.3578687522E+06
    6.6874535250E+01    0.0000000000E+00    0.0000000000E+00    0.0000000000E+00    1.1977799324E+00    1.0136000000E+05    1.8000000000E+01    1.2000000000E+01    2.9323177921E+06
    7.1378877970E+01    0.0000000000E+00    0.0000000000E+00    0.0000000000E+00    1.1977799324E+00    1.0136000000E+05    1.9000000000E+01    1.2000000000E+01    3.6511343641E+06
    7.6951484820E+01    0.0000000000E+00    0.0000000000E+00    0.0000000000E+00    1.1977799324E+00    1.0136000000E+05    2.0000000000E+01    1.2000000000E+01    4.5528912202E+06
    8.3845708720E+01    0.0000000000E+00    0.0000000000E+00    0.0000000000E+00    1.1977799324E+00    1.0136000000E+05    2.1000000000E+01    1.2000000000E+01    5.6876198486E+06
    9.2374988520E+01    0.0000000000E+00    0.0000000000E+00    0.0000000000E+00    1.1977799324E+00    1.0136000000E+05    2.2000000000E+01    1.2000000000E+01    7.1207600941E+06
    1.0292709926E+02    0.0000000000E+00    0.0000000000E+00    0.0000000000E+00    1.1977799324E+00    1.0136000000E+05    2.3000000000E+01    1.2000000000E+01    8.9387057631E+06
    1.1598178864E+02    0.0000000000E+00    0.0000000000E+00    0.0000000000E+00    1.0639217750E+00    8.5076571683E+02    2.4000000000E+01    1.2000000000E+01    8.4466666667E+04
   -6.6704928300E+00    7.3647144600E+00    0.0000000000E+00    0.0000000000E+00    1.1977799324E+00    1.0136000000E+05    1.0000000000E+00    1.3000000000E+01    2.1207357002E+07
    4.6581115200E+00    6.4783326400E+00    0.0000000000E+00   -0.0000000000E+00    1.0890030185E+00    9.2154946807E+04    2.0000000000E+00    1.3000000000E+01    1.5448941155E+07
    1.3967113450E+01    5.7499635300E+00    0.0000000000E+00   -0.0000000000E+00    1.0886597243E+00    9.2125896144E+04    3.0000000000E+00    1.3000000000E+01    1.1262732758E+07
    2.1616603960E+01    5.1514304700E+00    0.0000000000E+00   -0.0000000000E+00    1.0883962782E+00    9.2103602489E+04    4.0000000000E+00    1.3000000000E+01    8.2878058559E+06
    2.7902475700E+01    4.6595809700E+00    0.0000000000E+00   -0.0000000000E+00    1.0882122348E+00    9.2088028140E+04    5.0000000000E+00    1.3000000000E+01    6.1572516919E+06
    3.3067867310E+01    4.2553912100E+00    0.0000000000E+00   -0.0000000000E+00    1.0881039919E+00    9.2078868280E+04    6.0000000000E+00    1.3000000000E+01    4.6185861479E+06
    3.7312563820E+01    3.9232302900E+00    0.0000000000E+00   -0.0000000000E+00    1.0880650607E+00    9.2075573797E+04    7.0000000000E+00    1.3000000000E+01    3.4974361825E+06
    4.0800723150E+01    3.6502555300E+00    0.0000000000E+00   -0.0000000000E+00    1.0880866320E+00    9.2077399226E+04    8.0000000000E+00    1.3000000000E+01    2.6728691974E+06
    4.3667227040E+01    3.4259153100E+00    0.0000000000E+00   -0.0000000000E+00    1.0881583728E+00    9.2083470166E+04    9.0000000000E+00    1.3000000000E+01    2.0606088475E+06
    4.6022901230E+01    3.2415403800E+00    0.0000000000E+00   -0.0000000000E+00    1.0882409307E+00    9.2090456484E+04    1.0000000000E+01    1.3000000000E+01    1.7612671236E+06
    4.8386804760E+01    3.0809501100E+00    0.0000000000E+00   -0.0000000000E+00    1.0881030887E+00    9.2078791843E+04    1.1000000000E+01    1.3000000000E+01    1.6802539708E+06
    5.0762120780E+01    2.9562725900E+00    0.0000000000E+00   -0.0000000000E+00    1.0879357757E+00    9.2064633280E+04    1.2000000000E+01    1.3000000000E+01    1.6187499416E+06
    5.3145870510E+01    2.8683655600E+00    0.0000000000E+00   -0.0000000000E+00    1.0877540222E+00    9.2049252711E+04    1.3000000000E+01    1.3000000000E+01    1.5751020718E+06
    5.5535014160E+01    2.8178438200E+00    0.0000000000E+00   -0.0000000000E+00    1.0875605694E+00    9.2032882111E+04    1.4000000000E+01    1.3000000000E+01    1.5497299813E+06
    5.7926471090E+01    2.8050758000E+00    0.0000000000E+00   -0.0000000000E+00    1.0873793094E+00    9.2017543304E+04    1.5000000000E+01    1.3000000000E+01    1.5325320377E+06
    6.0284896260E+01    2.8146985600E+00    0.0000000000E+00   -0.0000000000E+00    1.0874114629E+00    9.2020264239E+04    1.6000000000E+01    1.3000000000E+01    1.7096702451E+06
    6.3207071230E+01    2.8266229700E+00    0.0000000000E+00   -0.0000000000E+00    1.0874934191E+00    9.2027199636E+04    1.7000000000E+01    1.3000000000E+01    2.1275539809E+06
    6.6827789080E+01    2.8413995900E+00    0.0000000000E+00   -0.0000000000E+00    1.0876011856E+00    9.2036319185E+04    1.8000000000E+01    1.3000000000E+01    2.6502778309E+06
    7.1314080610E+01    2.8597108000E+00    0.0000000000E+00   -0.0000000000E+00    1.0877420597E+00    9.2048240405E+04    1.9000000000E+01    1.3000000000E+01    3.3055492929E+06
    7.6872925810E+01    2.8824023000E+00    0.0000000000E+00   -0.0000000000E+00    1.0879251086E+00    9.2063730592E+04    2.0000000000E+01    1.3000000000E+01    4.1291126229E+06
    8.3760809580E+01    2.9105221200E+00    0.0000000000E+00   -0.0000000000E+00    1.0881615121E+00    9.2083735824E+04    2.1000000000E+01    1.3000000000E+01    5.1674249696E+06
    9.2295561990E+01    2.9453690500E+00    0.0000000000E+00   -0.0000000000E+00    1.0884648643E+00    9.2109406465E+04    2.2000000000E+01    1.3000000000E+01    6.4813755822E+06
    1.0287102821E+02    2.9885526000E+00    0.0000000000E+00   -0.0000000000E+00    1.0888514345E+00    9.2142119276E+04    2.3000000000E+01    1.3000000000E+01    8.1515134750E+06
    1.1597524390E+02    3.0420673400E+00    0.0000000000E+00    0.0000000000E+00    3.9925997746E-01    3.3786666667E+04    2.4000000000E+01    1.3000000000E+01    3.3672008916E+06
