 TITLE = "Projeto1" 
 VARIABLES = "X" "Y" "u" "v" "rho" "p" "i" "j" "e" 
 ZONE I =           24  J =          13  DATAPACKING = POINT
    8.4500000000E-06   -3.5279003140E+01    0.0000000000E+00    0.0000000000E+00    1.1977799324E+00    1.0136000000E+05    1.0000000000E+00    1.0000000000E+00    2.8232997705E+06
    1.0306326720E+01   -3.1045768330E+01    3.6749169876E+01   -6.3280992694E+01    2.5104490102E+00    8.9956534085E+03    2.0000000000E+00    1.0000000000E+00    2.5999289358E+05
    1.8746475060E+01   -2.7579047530E+01    4.8364782887E+01   -7.1802819817E+01    3.0737997896E+00    1.1784270283E+04    3.0000000000E+00    1.0000000000E+00    2.6482154855E+05
    2.5658349530E+01   -2.4740052520E+01    5.6750547160E+01   -7.9924124698E+01    3.8876929337E+00    1.5504554169E+04    4.0000000000E+00    1.0000000000E+00    2.7212785211E+05
    3.1318677600E+01   -2.2415119790E+01    6.2452710270E+01   -8.2632239943E+01    5.4260206322E+00    2.0621875872E+04    5.0000000000E+00    1.0000000000E+00    2.8295193336E+05
    3.5954079200E+01   -2.0511167100E+01    6.2275734625E+01   -7.6635104038E+01    9.1492151076E+00    2.7798105197E+04    6.0000000000E+00    1.0000000000E+00    2.9932060700E+05
    3.9750139730E+01   -1.8951966780E+01    5.3361712393E+01   -6.0884430813E+01    1.9961685758E+01    3.8848652007E+04    7.0000000000E+00    1.0000000000E+00    3.2197346116E+05
    4.2858840280E+01   -1.7675093850E+01    3.8877740097E+01   -4.0298157659E+01    6.5480111843E+01    5.4568508457E+04    8.0000000000E+00    1.0000000000E+00    3.6098710813E+05
    4.5404642460E+01   -1.6629426760E+01    1.4695443093E+01   -1.2646031770E+01    5.6492704539E+02    8.6351393360E+04    9.0000000000E+00    1.0000000000E+00    3.7396635918E+05
    4.7489471440E+01   -1.5773100850E+01    8.8483585754E+00   -8.5525845410E+00    1.1420203562E+03    1.1038781139E+05    1.0000000000E+01    1.0000000000E+00    3.5944823485E+05
    4.9607350680E+01   -1.5003262190E+01    1.2816164344E+01   -2.4121849687E+01    2.8170738612E+02    1.1917325950E+05    1.1000000000E+01    1.0000000000E+00    3.7856898394E+05
    5.1781269800E+01   -1.4409848660E+01    1.6455871921E+01   -5.7063392522E+01    1.1260287364E+02    1.2938178753E+05    1.2000000000E+01    1.0000000000E+00    4.6980688581E+05
    5.3996560260E+01   -1.3996868810E+01    1.3621915349E+01   -1.0574240694E+02    6.1050285510E+01    1.3504392935E+05    1.3000000000E+01    1.0000000000E+00    5.9681360224E+05
    5.6238272770E+01   -1.3767109600E+01                 NaN                 NaN                 NaN                 NaN    1.4000000000E+01    1.0000000000E+00                 NaN
    5.8491279600E+01   -1.3722117420E+01                 NaN                 NaN                 NaN                 NaN    1.5000000000E+01    1.0000000000E+00                 NaN
    6.0744619520E+01   -1.3769711210E+01                 NaN                 NaN                 NaN                 NaN    1.6000000000E+01    1.0000000000E+00                 NaN
    6.3553982470E+01   -1.3829049520E+01                 NaN                 NaN                 NaN                 NaN    1.7000000000E+01    1.0000000000E+00                 NaN
    6.7056569970E+01   -1.3903029860E+01                 NaN                 NaN                 NaN                 NaN    1.8000000000E+01    1.0000000000E+00                 NaN
    7.1423438710E+01   -1.3995265220E+01   -4.4324967365E+01   -1.9289117950E+02    4.8316166074E+00    3.5661149416E+04    1.9000000000E+01    1.0000000000E+00    3.4786707814E+05
    7.6867854440E+01   -1.4110260120E+01   -2.8816549846E+01   -1.6005902564E+02    4.5378941912E+00    2.8696111924E+04    2.0000000000E+01    1.0000000000E+00    3.1358456972E+05
    8.3655707370E+01   -1.4253630600E+01   -1.9655874122E+01   -1.3881736301E+02    4.0464987342E+00    2.3207685080E+04    2.1000000000E+01    1.0000000000E+00    2.9325769703E+05
    9.2118497430E+01   -1.4432378480E+01   -1.4062751691E+01   -1.2321769819E+02    3.4955607606E+00    1.8838456584E+04    2.2000000000E+01    1.0000000000E+00    2.8020756828E+05
    1.0266952384E+02   -1.4655233290E+01    5.0834113736E+00   -1.0659722569E+02    3.2080608292E+00    1.5330033642E+04    2.3000000000E+01    1.0000000000E+00    2.7155164018E+05
    1.1582405090E+02   -1.4933078770E+01    0.0000000000E+00    0.0000000000E+00    3.9925997746E-01    3.3786666667E+04    2.4000000000E+01    1.0000000000E+00    4.5868333451E+05
   -3.7493654000E-01   -3.4351956070E+01    0.0000000000E+00    0.0000000000E+00    1.1977799324E+00    8.1873684141E+03    1.0000000000E+00    2.0000000000E+00    2.5340000000E+05
    9.9825822500E+00   -3.0229171540E+01    3.6749169876E+01   -6.3280992694E+01    2.2591655814E+00    3.9133787113E+05    2.0000000000E+00    2.0000000000E+00    9.7362004524E+06
    1.8465667490E+01   -2.6852503770E+01    4.8364782887E+01   -7.1802819817E+01    2.7657512381E+00    4.7621674295E+05    3.0000000000E+00    2.0000000000E+00    8.6249975486E+06
    2.5413537970E+01   -2.4086928300E+01    5.6750547160E+01   -7.9924124698E+01    3.4976041811E+00    5.7530519508E+05    4.0000000000E+00    2.0000000000E+00    7.6625197739E+06
    3.1104036770E+01   -2.1821850880E+01    6.2452710270E+01   -8.2632239943E+01    4.8809160203E+00    7.0903558806E+05    5.0000000000E+00    2.0000000000E+00    7.0146332200E+06
    3.5764723450E+01   -1.9966692010E+01    6.2275734625E+01   -7.6635104038E+01    8.2289548844E+00    9.6494974122E+05    6.0000000000E+00    2.0000000000E+00    7.1529657467E+06
    3.9581973480E+01   -1.8447265030E+01    5.3361712393E+01   -6.0884430813E+01    1.7951408276E+01    1.5006496891E+06    7.0000000000E+00    2.0000000000E+00    8.3933527231E+06
    4.2708431140E+01   -1.7202809630E+01    3.8877740097E+01   -4.0298157659E+01    5.8877655565E+01    3.0251704203E+06    8.0000000000E+00    2.0000000000E+00    1.2855069799E+07
    4.5269114030E+01   -1.6183562030E+01    1.4695443093E+01   -1.2646031770E+01    5.0789327509E+02    7.4403659965E+06    9.0000000000E+00    2.0000000000E+00    2.4148263500E+07
    4.7366413090E+01   -1.5348765120E+01    8.8483585754E+00   -8.5525845410E+00    1.0245607374E+03    8.9598890434E+06    1.0000000000E+01    2.0000000000E+00    2.4847144671E+07
    4.9504999150E+01   -1.4598047580E+01    1.2816164344E+01   -2.4121849687E+01    2.5206563944E+02    5.6212980726E+06    1.1000000000E+01    2.0000000000E+00    1.4851451031E+07
    5.1698067720E+01   -1.4018847730E+01    1.6455871921E+01   -5.7063392522E+01    1.0069210572E+02    5.1228247867E+06    1.2000000000E+01    2.0000000000E+00    1.3067928076E+07
    5.3931360230E+01   -1.3615074210E+01    1.3621915349E+01   -1.0574240694E+02    5.4567700371E+01    5.1276011175E+06    1.3000000000E+01    2.0000000000E+00    1.2805506085E+07
    5.6190344140E+01   -1.3389449650E+01                 NaN                 NaN                 NaN                 NaN    1.4000000000E+01    2.0000000000E+00                 NaN
    5.8460312160E+01   -1.3343492330E+01                 NaN                 NaN                 NaN                 NaN    1.5000000000E+01    2.0000000000E+00                 NaN
    6.0717878330E+01   -1.3389802890E+01                 NaN                 NaN                 NaN                 NaN    1.6000000000E+01    2.0000000000E+00                 NaN
    6.3531877740E+01   -1.3447528720E+01                 NaN                 NaN                 NaN                 NaN    1.7000000000E+01    2.0000000000E+00                 NaN
    6.7039463590E+01   -1.3519483110E+01                 NaN                 NaN                 NaN                 NaN    1.8000000000E+01    2.0000000000E+00                 NaN
    7.1411597120E+01   -1.3609173330E+01   -4.4324967365E+01   -1.9289117950E+02    4.3458627065E+00    9.6194453517E+05    1.9000000000E+01    2.0000000000E+00    5.2398303848E+06
    7.6861381490E+01   -1.3720971250E+01   -2.8816549846E+01   -1.6005902564E+02    4.0825743041E+00    8.1167768432E+05    2.0000000000E+01    2.0000000000E+00    5.5111789812E+06
    8.3654450210E+01   -1.3860326380E+01   -1.9655874122E+01   -1.3881736301E+02    3.6412882310E+00    6.9399274391E+05    2.1000000000E+01    2.0000000000E+00    5.9012476722E+06
    9.2121916200E+01   -1.4034031630E+01   -1.4062751691E+01   -1.2321769819E+02    3.1462142458E+00    5.9051988074E+05    2.2000000000E+01    2.0000000000E+00    6.3145502650E+06
    1.0267651289E+02   -1.4250554360E+01    5.0834113736E+00   -1.0659722569E+02    2.8880845189E+00    5.3668988173E+05    2.3000000000E+01    2.0000000000E+00    7.2389590710E+06
    1.1583269561E+02   -1.4520449310E+01    5.0834113736E+00   -1.0659722569E+02    2.5522119608E+00    7.4621721937E+02    2.4000000000E+01    2.0000000000E+00    9.8907425627E+04
   -8.1922002000E-01   -3.3214552130E+01    0.0000000000E+00    0.0000000000E+00    1.1977799324E+00    6.7005824352E+03    1.0000000000E+00    3.0000000000E+00    2.5340000000E+05
    9.5991315900E+00   -2.9227426920E+01    3.3707168763E+01   -5.7166139930E+01    1.9825331768E+00    1.2372818899E+05    2.0000000000E+00    3.0000000000E+00    3.7911064852E+06
    1.8133277590E+01   -2.5961397340E+01    4.3024813894E+01   -6.0928838464E+01    2.6371929388E+00    1.3428360735E+05    3.0000000000E+00    3.0000000000E+00    3.0108921482E+06
    2.5123991480E+01   -2.3286050360E+01    4.9311067517E+01   -6.5154389014E+01    3.6498642768E+00    1.6718477198E+05    4.0000000000E+00    3.0000000000E+00    2.7684490411E+06
    3.0850429370E+01   -2.1094553290E+01    5.3205277402E+01   -6.5534951929E+01    5.7331528374E+00    2.6085340708E+05    5.0000000000E+00    3.0000000000E+00    3.2056979039E+06
    3.5541258340E+01   -1.9299394780E+01    5.1940510660E+01   -5.9492722588E+01    1.0920121319E+01    4.7809111587E+05    6.0000000000E+00    3.0000000000E+00    4.3824776065E+06
    3.9383786280E+01   -1.7828890980E+01    4.2519289947E+01   -4.5162861238E+01    2.7391086020E+01    9.3566257198E+05    7.0000000000E+00    3.0000000000E+00    6.4403157021E+06
    4.2531441210E+01   -1.6624323360E+01    3.0852396659E+01   -2.9955032107E+01    9.7180049964E+01    2.2758352829E+06    8.0000000000E+00    3.0000000000E+00    1.1864241853E+07
    4.5109898660E+01   -1.5637593960E+01    1.0497924300E+01   -7.7133541029E+00    1.4029578319E+03    9.4734095031E+06    9.0000000000E+00    3.0000000000E+00    3.7585022862E+07
    4.7222101310E+01   -1.4829304830E+01    5.7581621918E+00   -4.0489373663E+00    3.8270263962E+03    1.3019687076E+07    1.0000000000E+01    3.0000000000E+00    4.4221573259E+07
    4.9384793640E+01   -1.4102194370E+01    9.0283089969E+00   -1.3293446856E+01    5.4405127071E+02    3.5025679603E+06    1.1000000000E+01    3.0000000000E+00    1.1393338028E+07
    5.1600068280E+01   -1.3540614770E+01                 NaN                 NaN                 NaN                 NaN    1.2000000000E+01    3.0000000000E+00                 NaN
    5.3854166510E+01   -1.3148350710E+01                 NaN                 NaN                 NaN                 NaN    1.3000000000E+01    3.0000000000E+00                 NaN
    5.6133064010E+01   -1.2928043990E+01                 NaN                 NaN                 NaN                 NaN    1.4000000000E+01    3.0000000000E+00                 NaN
    5.8422566480E+01   -1.2881175950E+01                 NaN                 NaN                 NaN                 NaN    1.5000000000E+01    3.0000000000E+00                 NaN
    6.0685277420E+01   -1.2925914190E+01                 NaN                 NaN                 NaN                 NaN    1.6000000000E+01    3.0000000000E+00                 NaN
    6.3504918180E+01   -1.2981665290E+01                 NaN                 NaN                 NaN                 NaN    1.7000000000E+01    3.0000000000E+00                 NaN
    6.7018581810E+01   -1.3051139870E+01                 NaN                 NaN                 NaN                 NaN    1.8000000000E+01    3.0000000000E+00                 NaN
    7.1397111430E+01   -1.3137716350E+01                 NaN                 NaN                 NaN                 NaN    1.9000000000E+01    3.0000000000E+00                 NaN
    7.6853409680E+01   -1.3245604970E+01                 NaN                 NaN                 NaN                 NaN    2.0000000000E+01    3.0000000000E+00                 NaN
    8.3652794060E+01   -1.3380052480E+01   -2.0241736219E+01   -1.2109737008E+02    3.3998343360E+00    1.7777383745E+05    2.1000000000E+01    3.0000000000E+00    1.9144407456E+06
    9.2125901690E+01   -1.3547597450E+01   -1.4457133310E+01   -1.0697469837E+02    2.8432035998E+00    1.2817508986E+05    2.2000000000E+01    3.0000000000E+00    1.7327293015E+06
    1.0268477089E+02   -1.3756388210E+01    5.9396688270E+00   -9.2393601368E+01    2.5842843212E+00    1.1759850584E+05    2.3000000000E+01    3.0000000000E+00    1.9860645172E+06
    1.1584286401E+02   -1.4016579340E+01    5.9396688270E+00   -9.2393601368E+01    2.2840622595E+00    1.2023005124E+03    2.4000000000E+01    3.0000000000E+00    9.4246639404E+04
   -1.3413917200E+00   -3.1817897940E+01    0.0000000000E+00    0.0000000000E+00    1.1977799324E+00    5.4829632476E+03    1.0000000000E+00    4.0000000000E+00    2.5340000000E+05
    9.1489013400E+00   -2.7997494540E+01    2.9442646399E+01   -4.7156415804E+01    1.7888035540E+00    1.8915180715E+05    2.0000000000E+00    4.0000000000E+00    7.0253780145E+06
    1.7743498550E+01   -2.4867483350E+01    4.0382522617E+01   -5.3322097071E+01    2.3333700189E+00    2.6132425070E+05    3.0000000000E+00    4.0000000000E+00    7.0646246832E+06
    2.4784987760E+01   -2.2303101760E+01    4.8788051542E+01   -6.0868643316E+01    3.0949335211E+00    3.6161118090E+05    4.0000000000E+00    4.0000000000E+00    7.1864526370E+06
    3.0554060080E+01   -2.0202127720E+01    5.6394884506E+01   -6.6498316517E+01    4.2687206124E+00    4.8806252933E+05    5.0000000000E+00    4.0000000000E+00    7.2043086824E+06
    3.5280679510E+01   -1.8480811930E+01    6.0872631376E+01   -6.7200506292E+01    6.4032368021E+00    6.5560824106E+05    6.0000000000E+00    4.0000000000E+00    7.2585376432E+06
    3.9153247660E+01   -1.7070540360E+01    5.9996688059E+01   -6.1633609427E+01    1.0815854581E+01    8.9632771967E+05    7.0000000000E+00    4.0000000000E+00    7.5088003052E+06
    4.2326113370E+01   -1.5915099610E+01    5.9425488244E+01   -5.7028864534E+01    1.9886069723E+01    1.3786320270E+06    8.0000000000E+00    4.0000000000E+00    8.8204432105E+06
    4.4925726290E+01   -1.4968436220E+01    3.7206806355E+01   -3.0487506087E+01    1.0198901339E+02    3.4429761381E+06    9.0000000000E+00    4.0000000000E+00    1.6847488731E+07
    4.7055679380E+01   -1.4192820810E+01    2.0094924378E+01   -1.7312296283E+01    2.8569993780E+02    5.0009218172E+06    1.0000000000E+01    4.0000000000E+00    2.0930768972E+07
    4.9245912110E+01   -1.3494964160E+01    2.1440194577E+01   -2.9530859546E+01    9.2059865622E+01    2.3822074152E+06    1.1000000000E+01    4.0000000000E+00    9.5572018409E+06
    5.1486408710E+01   -1.2955334700E+01    2.8497770289E+01   -8.2574619224E+01    2.0711295726E+01    1.3545205858E+06    1.2000000000E+01    4.0000000000E+00    5.2891722782E+06
    5.3764019790E+01   -1.2577563400E+01    1.1161037043E+01   -1.3452341908E+02    2.1272076504E+01    2.3350693765E+06    1.3000000000E+01    4.0000000000E+00    8.9352595000E+06
    5.6065340850E+01   -1.2364190610E+01                 NaN                 NaN                 NaN                 NaN    1.4000000000E+01    4.0000000000E+00                 NaN
    5.8376803500E+01   -1.2316649350E+01                 NaN                 NaN                 NaN                 NaN    1.5000000000E+01    4.0000000000E+00                 NaN
    6.0645767600E+01   -1.2359460680E+01                 NaN                 NaN                 NaN                 NaN    1.6000000000E+01    4.0000000000E+00                 NaN
    6.3472260180E+01   -1.2412793280E+01                 NaN                 NaN                 NaN                 NaN    1.7000000000E+01    4.0000000000E+00                 NaN
    6.6993298720E+01   -1.2479232650E+01                 NaN                 NaN                 NaN                 NaN    1.8000000000E+01    4.0000000000E+00                 NaN
    7.1379579410E+01   -1.2562000360E+01   -4.3765368444E+01   -1.5717972456E+02    3.5535313604E+00    6.1548784234E+05    1.9000000000E+01    4.0000000000E+00    4.9917899463E+06
    7.6843756600E+01   -1.2665109890E+01   -2.8757888345E+01   -1.2954365048E+02    3.5425974101E+00    5.5187768520E+05    2.0000000000E+01    4.0000000000E+00    5.5792135657E+06
    8.3650757510E+01   -1.2793561370E+01   -1.9620224285E+01   -1.0998388559E+02    3.2490974630E+00    4.7251830984E+05    2.1000000000E+01    4.0000000000E+00    5.9818187048E+06
    9.2130632620E+01   -1.2953584120E+01   -1.4144455341E+01   -9.5759202156E+01    2.7385356485E+00    3.7407866310E+05    2.2000000000E+01    4.0000000000E+00    5.9561184789E+06
    1.0269456436E+02   -1.3152938790E+01    6.3180750980E+00   -8.1211511728E+01    2.4492468123E+00    3.1345976677E+05    2.3000000000E+01    4.0000000000E+00    6.2963197240E+06
    1.1585479368E+02   -1.3401293890E+01    6.3180750980E+00   -8.1211511728E+01    2.1651117569E+00    1.1980020325E+03    2.4000000000E+01    4.0000000000E+00    9.1558790805E+04
   -1.9484990300E+00   -3.0101349610E+01    0.0000000000E+00    0.0000000000E+00    1.1977799324E+00    4.4856217491E+03    1.0000000000E+00    5.0000000000E+00    2.5340000000E+05
    8.6264727800E+00   -2.6485958430E+01    2.6951502624E+01   -4.2284248928E+01    1.7502890876E+00    1.6289833546E+05    2.0000000000E+00    5.0000000000E+00    7.3925738889E+06
    1.7292317850E+01   -2.3523274230E+01    3.7507410849E+01   -4.7940030176E+01    2.2399755849E+00    2.0477473070E+05    3.0000000000E+00    5.0000000000E+00    6.7686686802E+06
    2.4393725320E+01   -2.1095457340E+01    4.5355200719E+01   -5.4437670789E+01    2.8859025652E+00    2.5320476801E+05    4.0000000000E+00    5.0000000000E+00    6.1588412808E+06
    3.0213167820E+01   -1.9105937190E+01    5.2210753830E+01   -5.8660116730E+01    3.8879055267E+00    3.1295586988E+05    5.0000000000E+00    5.0000000000E+00    5.6599872028E+06
    3.4982117740E+01   -1.7475577610E+01    5.5863865833E+01   -5.8220315623E+01    5.9597768010E+00    4.2401904265E+05    6.0000000000E+00    5.0000000000E+00    5.7534094762E+06
    3.8890251290E+01   -1.6139530400E+01    5.3052173269E+01   -5.1152760340E+01    1.1194845967E+01    6.5527476889E+05    7.0000000000E+00    5.0000000000E+00    6.7178438949E+06
    4.2092992540E+01   -1.5044656460E+01    4.7170256683E+01   -4.3234207631E+01    2.3891180741E+01    1.1502982047E+06    8.0000000000E+00    5.0000000000E+00    8.9781324643E+06
    4.4717696890E+01   -1.4147412240E+01    2.5153713588E+01   -1.8953267336E+01    1.6792871012E+02    3.7448424053E+06    9.0000000000E+00    5.0000000000E+00    2.2305884605E+07
    4.6868719460E+01   -1.3412117490E+01    1.2760987472E+01   -8.9438329373E+00    6.9568808976E+02    7.2616843720E+06    1.0000000000E+01    5.0000000000E+00    3.7145637575E+07
    4.9089521780E+01   -1.2750664590E+01    1.4436801306E+01   -1.5820101552E+01    2.6629418582E+02    3.8014250765E+06    1.1000000000E+01    5.0000000000E+00    1.8704233582E+07
    5.1357759230E+01   -1.2238528860E+01    1.7296806739E+01   -4.0894847675E+01    6.2490374062E+01    1.6519544195E+06    1.2000000000E+01    5.0000000000E+00    7.8876373632E+06
    5.3661025250E+01   -1.1879150670E+01    3.6579691151E+00   -1.1959738507E+02    2.9199717132E+01    2.4103322599E+06    1.3000000000E+01    5.0000000000E+00    1.1398646437E+07
    5.5986671240E+01   -1.1674943080E+01                 NaN                 NaN                 NaN                 NaN    1.4000000000E+01    5.0000000000E+00                 NaN
    5.8321892460E+01   -1.1627276230E+01                 NaN                 NaN                 NaN                 NaN    1.5000000000E+01    5.0000000000E+00                 NaN
    6.0598429660E+01   -1.1667725950E+01                 NaN                 NaN                 NaN                 NaN    1.6000000000E+01    5.0000000000E+00                 NaN
    6.3433210150E+01   -1.1718096700E+01                 NaN                 NaN                 NaN                 NaN    1.7000000000E+01    5.0000000000E+00                 NaN
    6.6963154880E+01   -1.1780821780E+01                 NaN                 NaN                 NaN                 NaN    1.8000000000E+01    5.0000000000E+00                 NaN
    7.1358775240E+01   -1.1858931950E+01   -4.5663941496E+01   -1.3977417386E+02    2.7795081875E+00    2.4963784750E+05    1.9000000000E+01    5.0000000000E+00    2.5193283156E+06
    7.6832415470E+01   -1.1956201640E+01   -2.9822390415E+01   -1.1644829467E+02    2.8245985436E+00    2.4664168500E+05    2.0000000000E+01    5.0000000000E+00    3.0811430578E+06
    8.3648517490E+01   -1.2077331390E+01   -2.0095900699E+01   -9.9771800042E+01    2.6952837628E+00    2.3773310843E+05    2.1000000000E+01    5.0000000000E+00    3.7025039733E+06
    9.2136404360E+01   -1.2228175150E+01   -1.4394921814E+01   -8.7669101736E+01    2.3698262288E+00    2.1165924936E+05    2.2000000000E+01    5.0000000000E+00    4.1346862348E+06
    1.0270619947E+02   -1.2416023240E+01    6.7168728326E+00   -7.4182825262E+01    2.2362977501E+00    2.0732076128E+05    2.3000000000E+01    5.0000000000E+00    5.0951455464E+06
    1.1586863495E+02   -1.2649954860E+01    6.7168728326E+00   -7.4182825262E+01    1.9773496955E+00    1.0782422999E+03    2.4000000000E+01    5.0000000000E+00    8.9878928877E+04
   -2.6440171400E+00   -2.7989633500E+01    0.0000000000E+00    0.0000000000E+00    1.1977799324E+00    3.6684491955E+03    1.0000000000E+00    6.0000000000E+00    2.5340000000E+05
    8.0301409900E+00   -2.4626487800E+01    2.4124889296E+01   -3.6157741490E+01    1.5952773600E+00    1.4834488525E+05    2.0000000000E+00    6.0000000000E+00    8.2210309868E+06
    1.6779571680E+01   -2.1869785270E+01    3.4628902203E+01   -4.1325787505E+01    2.0128415889E+00    1.9189791447E+05    3.0000000000E+00    6.0000000000E+00    7.7418554427E+06
    2.3951377310E+01   -1.9610166800E+01    4.2692075836E+01   -4.7668725682E+01    2.5614489445E+00    2.4898704502E+05    4.0000000000E+00    6.0000000000E+00    7.3852398172E+06
    2.9830081800E+01   -1.7757988250E+01    5.0708741841E+01   -5.3242285335E+01    3.3836727983E+00    3.2744786896E+05    5.0000000000E+00    6.0000000000E+00    7.2142035346E+06
    3.4648898760E+01   -1.6239770220E+01    5.7055521355E+01   -5.6220306375E+01    4.9373332688E+00    4.5770750608E+05    6.0000000000E+00    6.0000000000E+00    7.5637905662E+06
    3.8598979480E+01   -1.4995284460E+01    5.8640044410E+01   -5.4008825028E+01    8.3612118790E+00    6.7957432619E+05    7.0000000000E+00    6.0000000000E+00    8.4983489333E+06
    4.1836995390E+01   -1.3975165280E+01    5.9208664491E+01   -5.3102776485E+01    1.3260503402E+01    9.7278477132E+05    8.0000000000E+00    6.0000000000E+00    9.2907087964E+06
    4.4491355150E+01   -1.3138951090E+01    4.7081919721E+01   -3.6364973610E+01    5.2026047860E+01    2.4720054418E+06    9.0000000000E+00    6.0000000000E+00    1.8121092771E+07
    4.6667302190E+01   -1.2453478970E+01    2.2965282740E+01   -1.6367071311E+01    2.5967999332E+02    5.3807836194E+06    1.0000000000E+01    6.0000000000E+00    3.3852482967E+07
    4.8920542700E+01   -1.1837506060E+01    2.1897577285E+01   -2.1344537587E+01    1.5065558730E+02    3.4583768586E+06    1.1000000000E+01    6.0000000000E+00    2.0980329123E+07
    5.1217767060E+01   -1.1359980810E+01    2.6340104226E+01   -5.2651153029E+01    3.1505622131E+01    1.3689820455E+06    1.2000000000E+01    6.0000000000E+00    8.0667210013E+06
    5.3547474250E+01   -1.1024107310E+01    1.4483830669E+00   -1.4562128527E+02    1.2728235328E+01    1.5865911155E+06    1.3000000000E+01    6.0000000000E+00    9.2542221664E+06
    5.5897937520E+01   -1.0832139080E+01   -1.8271664954E+02   -3.9744996553E+02    5.0375876324E+00    2.1759157846E+06    1.4000000000E+01    6.0000000000E+00    1.3129536544E+07
    5.8257283820E+01   -1.0785364750E+01   -3.2833119548E+03   -3.6195610291E+03    1.0455554593E-01    1.3492658989E+05    1.5000000000E+01    6.0000000000E+00    3.4446233584E+06
    6.0542934920E+01   -1.0822920750E+01                 NaN                 NaN                 NaN                 NaN    1.6000000000E+01    6.0000000000E+00                 NaN
    6.3387668370E+01   -1.0869665670E+01   -3.4129838294E+01   -1.1361714046E+02    2.6184259817E+00    2.4767293540E+05    1.7000000000E+01    6.0000000000E+00    1.9167963744E+06
    6.6928278510E+01   -1.0927847880E+01   -7.0769481576E+01   -1.5863697242E+02    2.7730980160E+00    4.5106530147E+05    1.8000000000E+01    6.0000000000E+00    4.4001852239E+06
    7.1335040140E+01   -1.1000266600E+01   -4.3630699055E+01   -1.2126968114E+02    2.7473225597E+00    3.6432386141E+05    1.9000000000E+01    6.0000000000E+00    4.4021662623E+06
    7.6819904930E+01   -1.1090406260E+01   -2.9464261498E+01   -1.0108944300E+02    2.6208334458E+00    3.1172827734E+05    2.0000000000E+01    6.0000000000E+00    4.6985017653E+06
    8.3646704750E+01   -1.1202604360E+01   -2.0161272066E+01   -8.6202005403E+01    2.4077253153E+00    2.6528209971E+05    2.1000000000E+01    6.0000000000E+00    5.0071733938E+06
    9.2143852340E+01   -1.1342260220E+01   -1.4628913963E+01   -7.5673681921E+01    2.0574784087E+00    2.1215732208E+05    2.2000000000E+01    6.0000000000E+00    5.0352329188E+06
    1.0272015028E+02   -1.1516094970E+01    7.3472514071E+00   -6.3896012719E+01    1.9507104828E+00    1.9652061762E+05    2.3000000000E+01    6.0000000000E+00    5.8782995875E+06
    1.1588445383E+02   -1.1732475150E+01    7.3472514071E+00   -6.3896012719E+01    1.7253958739E+00    1.1955327973E+03    2.4000000000E+01    6.0000000000E+00    8.7982552232E+04
   -3.4244493700E+00   -2.5389355320E+01    0.0000000000E+00    0.0000000000E+00    1.1977799324E+00    2.9985698016E+03    1.0000000000E+00    7.0000000000E+00    2.5340000000E+05
    7.3651011700E+00   -2.2336822080E+01    2.1745632599E+01   -3.1294638531E+01    1.5065585443E+00    1.3758490233E+05    2.0000000000E+00    7.0000000000E+00    9.3201344245E+06
    1.6211961590E+01   -1.9833918240E+01    3.2021744451E+01   -3.6176153761E+01    1.9046204130E+00    1.7954033184E+05    3.0000000000E+00    7.0000000000E+00    8.8529758911E+06
    2.3465973270E+01   -1.7781671750E+01    3.9975874090E+01   -4.2338371778E+01    2.4083843232E+00    2.3074993555E+05    4.0000000000E+00    7.0000000000E+00    8.3646070165E+06
    2.9413995930E+01   -1.6098927260E+01    4.8187381322E+01   -4.8164339270E+01    3.0876991989E+00    2.9161050899E+05    5.0000000000E+00    7.0000000000E+00    7.8524172545E+06
    3.4291232380E+01   -1.4719142240E+01    5.5352335402E+01   -5.1959059861E+01    4.2279849057E+00    3.8004069423E+05    6.0000000000E+00    7.0000000000E+00    7.6789065576E+06
    3.8290524370E+01   -1.3587757280E+01    5.9055948868E+01   -5.1440503153E+01    6.5848088602E+00    5.2775166684E+05    7.0000000000E+00    7.0000000000E+00    8.0752265750E+06
    4.1569977270E+01   -1.2660039290E+01    5.8679942428E+01   -4.9411221273E+01    9.5670500051E+00    6.7198592323E+05    8.0000000000E+00    7.0000000000E+00    7.8517489079E+06
    4.4259214110E+01   -1.1899312610E+01    6.1301782696E+01   -4.6207552062E+01    1.9286857799E+01    1.2121199187E+06    9.0000000000E+00    7.0000000000E+00    1.0917538354E+07
    4.6464505540E+01   -1.1275508220E+01    3.2127810263E+01   -2.1310229870E+01    1.0210429433E+02    2.9889762830E+06    1.0000000000E+01    7.0000000000E+00    2.3104527723E+07
    4.8749833090E+01   -1.0716465510E+01    2.6679589111E+01   -2.1991285035E+01    1.0036842796E+02    2.6820517018E+06    1.1000000000E+01    7.0000000000E+00    2.0015132499E+07
    5.1074933610E+01   -1.0282610490E+01    2.7807348075E+01   -4.1244098205E+01    2.9253038491E+01    1.0878512033E+06    1.2000000000E+01    7.0000000000E+00    7.8715454346E+06
    5.3429410000E+01   -9.9768544500E+00    3.4635512383E+00   -1.1137257482E+02    1.0146213871E+01    9.0321574340E+05    1.3000000000E+01    7.0000000000E+00    6.4553125867E+06
    5.5802659770E+01   -9.8012510800E+00   -1.5744863012E+02   -2.0329425351E+02    3.5139980291E+00    4.9256104241E+05    1.4000000000E+01    7.0000000000E+00    3.6849990692E+06
    5.8183946580E+01   -9.7569836600E+00    5.5000457729E+04   -4.1315186419E+04   -1.8979485953E-03    1.5486299639E+06    1.5000000000E+01    7.0000000000E+00   -1.6539864208E+06
    6.0480449870E+01   -9.7909973100E+00                 NaN                 NaN                 NaN                 NaN    1.6000000000E+01    7.0000000000E+00                 NaN
    6.3336991030E+01   -9.8333085300E+00   -9.4222499592E+01   -1.9013089496E+02    2.0138638159E+00    2.6918718575E+05    1.7000000000E+01    7.0000000000E+00    2.6484009846E+06
    6.6890192450E+01   -9.8859417600E+00   -7.0856835915E+01   -1.4420383869E+02    2.0959041322E+00    2.5111306590E+05    1.8000000000E+01    7.0000000000E+00    3.0198400238E+06
    7.1310018090E+01   -9.9514159200E+00   -4.4316869855E+01   -1.1276713219E+02    2.3132784511E+00    2.5215852658E+05    1.9000000000E+01    7.0000000000E+00    3.7390195298E+06
    7.6807912830E+01   -1.0032864870E+01   -2.9724541544E+01   -9.3053515177E+01    2.3216925809E+00    2.4155489431E+05    2.0000000000E+01    7.0000000000E+00    4.4555390456E+06
    8.3646928990E+01   -1.0134187500E+01   -2.0239773416E+01   -7.8320080986E+01    2.2031466877E+00    2.2239982920E+05    2.1000000000E+01    7.0000000000E+00    5.1288743850E+06
    9.2154324430E+01   -1.0260234460E+01   -1.4768923644E+01   -6.8041782331E+01    1.8933061820E+00    1.8379778424E+05    2.2000000000E+01    7.0000000000E+00    5.3246552122E+06
    1.0273723471E+02   -1.0417040520E+01    7.7582525940E+00   -5.6573098852E+01    1.8175818599E+00    1.7745502999E+05    2.3000000000E+01    7.0000000000E+00    6.4746169225E+06
    1.1590215597E+02   -1.0612113640E+01    7.7582525940E+00   -5.6573098852E+01    1.6083187958E+00    1.0760814695E+03    2.4000000000E+01    7.0000000000E+00    8.7036512638E+04
   -4.2738442500E+00   -2.2184900350E+01    0.0000000000E+00    0.0000000000E+00    1.1977799324E+00    2.4492012856E+03    1.0000000000E+00    8.0000000000E+00    2.5340000000E+05
    6.6478971600E+00   -1.9515423210E+01    1.9635544092E+01   -2.7037518726E+01    1.4072567006E+00    1.2595901294E+05    2.0000000000E+00    8.0000000000E+00    1.0440202024E+07
    1.5606661130E+01   -1.7325743600E+01    2.9681994682E+01   -3.1561554316E+01    1.7667424725E+00    1.6496937008E+05    3.0000000000E+00    8.0000000000E+00    9.9530801087E+06
    2.2955320460E+01   -1.5529615580E+01    3.7622870974E+01   -3.7398370309E+01    2.1832870167E+00    2.0882040474E+05    4.0000000000E+00    8.0000000000E+00    9.2613471070E+06
    2.8983332170E+01   -1.4056291840E+01    4.6303852720E+01   -4.3407973067E+01    2.6744276056E+00    2.5531065821E+05    5.0000000000E+00    8.0000000000E+00    8.4109757004E+06
    3.3928121050E+01   -1.2847741360E+01    5.4832258089E+01   -4.8294423305E+01    3.4192564522E+00    3.1824364040E+05    6.0000000000E+00    8.0000000000E+00    7.8681621002E+06
    3.7984425620E+01   -1.1856365270E+01    6.1425790116E+01   -5.0199830362E+01    4.8827027175E+00    4.2333324977E+05    7.0000000000E+00    8.0000000000E+00    7.9310795862E+06
    4.1311967090E+01   -1.1043122710E+01    6.3161514649E+01   -4.9608405626E+01    6.9725524703E+00    5.4180220477E+05    8.0000000000E+00    8.0000000000E+00    7.7566873005E+06
    4.4041742670E+01   -1.0375992950E+01    7.1361326283E+01   -5.2181290745E+01    9.6875026018E+00    7.2892568191E+05    9.0000000000E+00    8.0000000000E+00    8.0621152329E+06
    4.6281190000E+01   -9.8287136300E+00    4.6024522111E+01   -2.9525849390E+01    3.8241731785E+01    1.6378157458E+06    1.0000000000E+01    8.0000000000E+00    1.5565892144E+07
    4.8595101130E+01   -9.3407358100E+00    3.5605883695E+01   -2.6968120105E+01    5.1931783682E+01    1.8672335137E+06    1.1000000000E+01    8.0000000000E+00    1.7119354550E+07
    5.0943648260E+01   -8.9617716300E+00    3.4474190687E+01   -4.5066086035E+01    2.0756775621E+01    9.4071581012E+05    1.2000000000E+01    8.0000000000E+00    8.3633013304E+06
    5.3317779820E+01   -8.6943694800E+00    3.3608656111E+00   -1.1204043946E+02    7.1059186503E+00    7.5276578674E+05    1.3000000000E+01    8.0000000000E+00    6.5845122063E+06
    5.5708264180E+01   -8.5403327900E+00                 NaN                 NaN                 NaN                 NaN    1.4000000000E+01    8.0000000000E+00                 NaN
    5.8105751720E+01   -8.5007089600E+00   -5.3536116166E+02   -4.6343232733E+02    7.8210538378E-01    3.6106395045E+05    1.5000000000E+01    8.0000000000E+00    3.6082547404E+06
    6.0414966400E+01   -8.5303856400E+00   -1.4631367617E+02   -1.3304628727E+02    5.0713666459E-01   -6.7115397053E+04    1.6000000000E+01    8.0000000000E+00   -5.7211427805E+05
    6.3285253050E+01   -8.5672758700E+00   -8.6826754245E+01   -1.5635266967E+02    1.1514922125E+00    1.3533817651E+05    1.7000000000E+01    8.0000000000E+00    1.6141655262E+06
    6.6852991140E+01   -8.6131333500E+00   -7.2262789301E+01   -1.2352832777E+02    1.5844143643E+00    1.8788228944E+05    1.8000000000E+01    8.0000000000E+00    2.7479015749E+06
    7.1287723850E+01   -8.6701386800E+00   -4.5850312589E+01   -9.9637564777E+01    1.7428279056E+00    1.8556642252E+05    1.9000000000E+01    8.0000000000E+00    3.3573247928E+06
    7.6800225540E+01   -8.7410029000E+00   -3.0758196603E+01   -8.2669123762E+01    1.8334000878E+00    1.8605618127E+05    2.0000000000E+01    8.0000000000E+00    4.1894739358E+06
    8.3652531920E+01   -8.8290965700E+00   -2.0794276746E+01   -6.9331978699E+01    1.8291487007E+00    1.7998266543E+05    2.1000000000E+01    8.0000000000E+00    5.0664285131E+06
    9.2170409630E+01   -8.9386101600E+00   -1.5221890803E+01   -6.0080301737E+01    1.6180930428E+00    1.5224265328E+05    2.2000000000E+01    8.0000000000E+00    5.3818551529E+06
    1.0275885745E+02   -9.0747535200E+00    8.2962769636E+00   -4.9422206857E+01    1.6175117893E+00    1.5496736554E+05    2.3000000000E+01    8.0000000000E+00    6.8962504476E+06
    1.1592136501E+02   -9.2440038400E+00    8.2962769636E+00   -4.9422206857E+01    1.4319672333E+00    1.0050207819E+03    2.4000000000E+01    8.0000000000E+00    8.6222397333E+04
   -5.1551058600E+00   -1.8233912820E+01    0.0000000000E+00    0.0000000000E+00    1.1977799324E+00    1.9988760927E+03    1.0000000000E+00    9.0000000000E+00    2.5340000000E+05
    5.9120680500E+00   -1.6037859170E+01    1.7928976815E+01   -2.3459526023E+01    1.2751103520E+00    1.1037578435E+05    2.0000000000E+00    9.0000000000E+00    1.1207587106E+07
    1.4994471660E+01   -1.4235646750E+01    2.7871002845E+01   -2.7675219424E+01    1.5701241631E+00    1.4289847918E+05    3.0000000000E+00    9.0000000000E+00    1.0565568622E+07
    2.2448120690E+01   -1.2756632780E+01    3.5964972396E+01   -3.3165682820E+01    1.8668061416E+00    1.7445883442E+05    4.0000000000E+00    9.0000000000E+00    9.4850825406E+06
    2.8565187600E+01   -1.1542842250E+01    4.5214675533E+01   -3.9130958253E+01    2.1550922879E+00    2.0149413991E+05    5.0000000000E+00    9.0000000000E+00    8.1403808037E+06
    3.3585439280E+01   -1.0546698350E+01    5.4967737160E+01   -4.4464776002E+01    2.5474571603E+00    2.3386061690E+05    6.0000000000E+00    9.0000000000E+00    7.0943973078E+06
    3.7705629010E+01   -9.7291588800E+00    6.4017015493E+01   -4.7709680832E+01    3.2726638900E+00    2.8667723388E+05    7.0000000000E+00    9.0000000000E+00    6.5960963936E+06
    4.1087207090E+01   -9.0581864300E+00    6.8833842405E+01   -4.8374021183E+01    4.4437204650E+00    3.5826016102E+05    8.0000000000E+00    9.0000000000E+00    6.3065421644E+06
    4.3862651590E+01   -8.5074922600E+00    7.5936558470E+01   -4.9721548184E+01    5.4991613476E+00    4.1457565699E+05    9.0000000000E+00    9.0000000000E+00    5.6401568988E+06
    4.6140666000E+01   -8.0555052300E+00    6.3499090241E+01   -3.7336293804E+01    1.2625935095E+01    7.2590114191E+05    1.0000000000E+01    9.0000000000E+00    8.4936598271E+06
    4.8476822510E+01   -7.6555073200E+00    4.9081836244E+01   -3.2577230939E+01    1.9223835692E+01    9.4921455157E+05    1.1000000000E+01    9.0000000000E+00    1.0670069426E+07
    5.0841350160E+01   -7.3448003800E+00    4.3801012057E+01   -4.6630530440E+01    1.0168263277E+01    5.5180881955E+05    1.2000000000E+01    9.0000000000E+00    6.0046601580E+06
    5.3226837000E+01   -7.1254835900E+00    4.0140570617E-01   -1.0471401062E+02    4.3544136455E+00    4.5146943123E+05    1.3000000000E+01    9.0000000000E+00    4.8197793581E+06
    5.5625722490E+01   -6.9990475800E+00                 NaN                 NaN                 NaN                 NaN    1.4000000000E+01    9.0000000000E+00                 NaN
    5.8030348200E+01   -6.9663654600E+00   -5.0051301346E+02   -5.2610630242E+02    3.9973961475E-01    9.9964519661E+04    1.5000000000E+01    9.0000000000E+00    1.4313412433E+06
    6.0354140500E+01   -6.9907111600E+00   -2.2874169824E+02   -2.5800535114E+02    2.7673680637E-01   -5.9373906541E+03    1.6000000000E+01    9.0000000000E+00    7.1551778182E+03
    6.3240039320E+01   -7.0209487600E+00   -8.0414376648E+01   -1.1948156352E+02    9.0165662327E-01    7.6852159439E+04    1.7000000000E+01    9.0000000000E+00    1.1190108252E+06
    6.6824071790E+01   -7.0585044400E+00   -7.5784150219E+01   -1.1494732686E+02    1.1235639365E+00    1.1349529745E+05    1.8000000000E+01    9.0000000000E+00    2.0417118260E+06
    7.1275197690E+01   -7.1051500400E+00   -4.8128154235E+01   -9.0807761454E+01    1.2347006819E+00    1.1520363935E+05    1.9000000000E+01    9.0000000000E+00    2.5541442035E+06
    7.6803285570E+01   -7.1630865600E+00   -3.2321027761E+01   -7.4882739044E+01    1.3464335314E+00    1.2382436886E+05    2.0000000000E+01    9.0000000000E+00    3.4106040073E+06
    8.3669020900E+01   -7.2350480800E+00   -2.1713395555E+01   -6.2166537354E+01    1.4099548916E+00    1.2861457047E+05    2.1000000000E+01    9.0000000000E+00    4.4234312948E+06
    9.2196213100E+01   -7.3244309200E+00   -1.5961230159E+01   -5.3549667872E+01    1.2906131777E+00    1.1294617279E+05    2.2000000000E+01    9.0000000000E+00    4.8743059265E+06
    1.0278708136E+02   -7.4354539500E+00    8.9220530576E+00   -4.3389542826E+01    1.3601918237E+00    1.2465370549E+05    2.3000000000E+01    9.0000000000E+00    6.7661608729E+06
    1.1594123145E+02   -7.5733578700E+00    8.9220530576E+00   -4.3389542826E+01    1.2047636118E+00    9.3023643858E+02    2.4000000000E+01    9.0000000000E+00    8.5615404535E+04
   -5.9964345900E+00   -1.3362947100E+01    0.0000000000E+00    0.0000000000E+00    1.1977799324E+00    1.6307389079E+03    1.0000000000E+00    1.0000000000E+01    2.5340000000E+05
    5.2161465600E+00   -1.1752812630E+01    1.6806632530E+01   -1.9989341755E+01    1.0397052252E+00    8.2541877882E+04    2.0000000000E+00    1.0000000000E+01    1.0277558762E+07
    1.4423253910E+01   -1.0430663410E+01    2.6843622395E+01   -2.3602567925E+01    1.2392859404E+00    1.0474089162E+05    3.0000000000E+00    1.0000000000E+01    9.5049154292E+06
    2.1983651180E+01   -9.3449799500E+00    3.5249213514E+01   -2.8259311353E+01    1.4049969233E+00    1.2238125106E+05    4.0000000000E+00    1.0000000000E+01    8.1732422221E+06
    2.8191934920E+01   -8.4534576600E+00    4.5160563844E+01   -3.3433280997E+01    1.5315703344E+00    1.3373629235E+05    5.0000000000E+00    1.0000000000E+01    6.6426097347E+06
    3.3290003650E+01   -7.7213597500E+00    5.6113990114E+01   -3.8235831876E+01    1.7032560910E+00    1.4738008410E+05    6.0000000000E+00    1.0000000000E+01    5.5020527533E+06
    3.7476477340E+01   -7.1201645300E+00    6.7251493801E+01   -4.1534843513E+01    2.0433023264E+00    1.7308249686E+05    7.0000000000E+00    1.0000000000E+01    4.9065249646E+06
    4.0914434980E+01   -6.6264542400E+00    7.5489309619E+01   -4.3600011195E+01    2.6087983985E+00    2.1468599609E+05    8.0000000000E+00    1.0000000000E+01    4.6624952340E+06
    4.3737770880E+01   -6.2210022000E+00    8.1957572582E+01   -4.3454784571E+01    3.5265830255E+00    2.6765710124E+05    9.0000000000E+00    1.0000000000E+01    4.4948784525E+06
    4.6056416230E+01   -5.8880229900E+00    7.2606304546E+01   -3.5485748730E+01    6.3563469329E+00    4.0910520878E+05    1.0000000000E+01    1.0000000000E+01    5.8845612251E+06
    4.8408137220E+01   -5.5958914200E+00    5.9093115133E+01   -3.2822957031E+01    8.6352881626E+00    5.3814481219E+05    1.1000000000E+01    1.0000000000E+01    7.3911907794E+06
    5.0780590450E+01   -5.3690054800E+00                 NaN                 NaN                 NaN                 NaN    1.2000000000E+01    1.0000000000E+01                 NaN
    5.3168361700E+01   -5.2089091700E+00                 NaN                 NaN                 NaN                 NaN    1.3000000000E+01    1.0000000000E+01                 NaN
    5.5565927200E+01   -5.1167032100E+00                 NaN                 NaN                 NaN                 NaN    1.4000000000E+01    1.0000000000E+01                 NaN
    5.7967690580E+01   -5.0930386100E+00                 NaN                 NaN                 NaN                 NaN    1.5000000000E+01    1.0000000000E+01                 NaN
    6.0307875150E+01   -5.1107941200E+00                 NaN                 NaN                 NaN                 NaN    1.6000000000E+01    1.0000000000E+01                 NaN
    6.3211094320E+01   -5.1328239300E+00   -1.0495698140E+02   -1.1676401175E+02    6.3589909038E-01    4.8981235551E+04    1.7000000000E+01    1.0000000000E+01    8.8865980873E+05
    6.6812864390E+01   -5.1601571200E+00   -7.9388701239E+01   -9.1039195721E+01    6.9383972481E-01    5.0220029188E+04    1.8000000000E+01    1.0000000000E+01    1.1112872267E+06
    7.1281332250E+01   -5.1940709200E+00   -5.2109776334E+01   -7.5758387923E+01    7.7707037400E-01    5.6013417998E+04    1.9000000000E+01    1.0000000000E+01    1.5230975344E+06
    7.6825135030E+01   -5.2361502200E+00   -3.4914195282E+01   -6.3147055535E+01    8.6531070721E-01    6.4385408510E+04    2.0000000000E+01    1.0000000000E+01    2.1699775855E+06
    8.3703152770E+01   -5.2883617100E+00   -2.3311990613E+01   -5.2663106566E+01    9.4300626934E-01    7.2301034776E+04    2.1000000000E+01    1.0000000000E+01    3.0382158895E+06
    9.2236609220E+01   -5.3531458500E+00   -1.7218775422E+01   -4.5715859066E+01    8.8998346841E-01    6.5185744543E+04    2.2000000000E+01    1.0000000000E+01    3.4341435119E+06
    1.0282408490E+02   -5.4335309500E+00    9.7992030762E+00   -3.6784107920E+01    9.9637556214E-01    8.1056518002E+04    2.3000000000E+01    1.0000000000E+01    5.3642800410E+06
    1.1596013811E+02   -5.5332747900E+00    9.7992030762E+00   -3.6784107920E+01    8.8304033881E-01    8.8759536466E+02    2.4000000000E+01    1.0000000000E+01    8.5087210217E+04
   -6.6704928300E+00   -7.3647144600E+00    0.0000000000E+00    0.0000000000E+00    1.1977799324E+00    1.3315790483E+03    1.0000000000E+00    1.1000000000E+01    2.5340000000E+05
    4.6581115200E+00   -6.4783326400E+00    1.5808920316E+01   -1.1514341723E+01    8.7364643812E-01    6.2897131160E+04    2.0000000000E+00    1.1000000000E+01    9.5967501713E+06
    1.3967113450E+01   -5.7499635300E+00    2.5734970317E+01   -1.3460265105E+01    1.0457017223E+00    8.2369388013E+04    3.0000000000E+00    1.1000000000E+01    9.1721703361E+06
    2.1616603960E+01   -5.1514304700E+00    3.4155696434E+01   -1.5992220375E+01    1.1799932314E+00    9.7029399045E+04    4.0000000000E+00    1.1000000000E+01    7.9611566339E+06
    2.7902475700E+01   -4.6595809700E+00    4.4168336938E+01   -1.8938427179E+01    1.2772220905E+00    1.0633392311E+05    5.0000000000E+00    1.1000000000E+01    6.4952367914E+06
    3.3067867310E+01   -4.2553912100E+00    5.5549994590E+01   -2.1927871691E+01    1.4141502459E+00    1.1861931516E+05    6.0000000000E+00    1.1000000000E+01    5.4509918095E+06
    3.7312563820E+01   -3.9232302900E+00    6.7989824702E+01   -2.4614787264E+01    1.6996750487E+00    1.4349662285E+05    7.0000000000E+00    1.1000000000E+01    5.0126919345E+06
    4.0800723150E+01   -3.6502555300E+00    7.6820455842E+01   -2.6857019711E+01    2.0697968293E+00    1.7555618221E+05    8.0000000000E+00    1.1000000000E+01    4.7017209893E+06
    4.3667227040E+01   -3.4259153100E+00    8.6997194765E+01   -2.8736714320E+01    2.6281971420E+00    2.1433006203E+05    9.0000000000E+00    1.1000000000E+01    4.4469476393E+06
    4.6022901230E+01   -3.2415403800E+00    8.0631356954E+01   -2.4978818136E+01    4.7959741347E+00    3.5925933603E+05    1.0000000000E+01    1.1000000000E+01    6.3613775022E+06
    4.8386804760E+01   -3.0809501100E+00    6.6927719538E+01   -2.5231325889E+01    6.4207510168E+00    5.0664511118E+05    1.1000000000E+01    1.1000000000E+01    8.5076076818E+06
    5.0762120780E+01   -2.9562725900E+00                 NaN                 NaN                 NaN                 NaN    1.2000000000E+01    1.1000000000E+01                 NaN
    5.3145870510E+01   -2.8683655600E+00                 NaN                 NaN                 NaN                 NaN    1.3000000000E+01    1.1000000000E+01                 NaN
    5.5535014160E+01   -2.8178438200E+00                 NaN                 NaN                 NaN                 NaN    1.4000000000E+01    1.1000000000E+01                 NaN
    5.7926471090E+01   -2.8050758000E+00                 NaN                 NaN                 NaN                 NaN    1.5000000000E+01    1.1000000000E+01                 NaN
    6.0284896260E+01   -2.8146985600E+00                 NaN                 NaN                 NaN                 NaN    1.6000000000E+01    1.1000000000E+01                 NaN
    6.3207071230E+01   -2.8266229700E+00   -1.0565978110E+02   -7.2491306960E+01    5.4282382753E-01    2.7515982863E+04    1.7000000000E+01    1.1000000000E+01    6.1497782089E+05
    6.6827789080E+01   -2.8413995900E+00   -7.9239991814E+01   -5.7055662972E+01    6.2374743359E-01    3.6655018758E+04    1.8000000000E+01    1.1000000000E+01    9.8952476073E+05
    7.1314080610E+01   -2.8597108000E+00   -5.4258818631E+01   -4.5271903017E+01    6.6566065632E-01    4.0065925960E+04    1.9000000000E+01    1.1000000000E+01    1.3283093457E+06
    7.6872925810E+01   -2.8824023000E+00   -3.6595088902E+01   -3.6681261145E+01    7.1743914059E-01    4.5458155116E+04    2.0000000000E+01    1.1000000000E+01    1.8675263944E+06
    8.3760809580E+01   -2.9105221200E+00   -2.4542258093E+01   -3.0141705902E+01    7.7095380423E-01    5.1267953955E+04    2.1000000000E+01    1.1000000000E+01    2.6255633390E+06
    9.2295561990E+01   -2.9453690500E+00   -1.8430210883E+01   -2.6186073986E+01    7.0883778912E-01    4.3472667843E+04    2.2000000000E+01    1.1000000000E+01    2.7891166132E+06
    1.0287102821E+02   -2.9885526000E+00    1.0747160370E+01   -2.0949935642E+01    8.1077207689E-01    5.8987491460E+04    2.3000000000E+01    1.1000000000E+01    4.7510866342E+06
    1.1597524390E+02   -3.0420673400E+00    1.0747160370E+01   -2.0949935642E+01    7.1938306243E-01    8.5427482796E+02    2.4000000000E+01    1.1000000000E+01    8.4659518351E+04
   -6.9630203200E+00    0.0000000000E+00    0.0000000000E+00    0.0000000000E+00    1.1977799324E+00    1.2111158641E+03    1.0000000000E+00    1.2000000000E+01    2.5340000000E+05
    4.4008166800E+00    0.0000000000E+00    1.5729161234E+01   -5.9192538781E+00    6.9960719134E-01    4.1584135360E+04    2.0000000000E+00    1.2000000000E+01    6.9805724217E+06
    1.3746858780E+01    0.0000000000E+00    2.6358815977E+01   -8.1366320369E+00    7.8633422957E-01    5.1648813663E+04    3.0000000000E+00    1.2000000000E+01    6.3375464315E+06
    2.1433400420E+01    0.0000000000E+00    3.6056303046E+01   -1.1466737750E+01    8.1191346673E-01    5.4538151028E+04    4.0000000000E+00    1.2000000000E+01    4.9404807124E+06
    2.7755105560E+01    0.0000000000E+00    4.8434672312E+01   -1.6410193819E+01    7.7006525521E-01    4.9737951137E+04    5.0000000000E+00    1.2000000000E+01    3.3646085593E+06
    3.2954317080E+01    0.0000000000E+00    6.6506664163E+01   -2.4215189345E+01    7.0166256627E-01    4.2249929338E+04    6.0000000000E+00    1.2000000000E+01    2.1648736390E+06
    3.7230347020E+01    0.0000000000E+00    8.7801472340E+01   -3.3683787860E+01    7.0321278163E-01    4.4775055993E+04    7.0000000000E+00    1.2000000000E+01    1.7586652023E+06
    4.0747117210E+01    0.0000000000E+00    1.0507845956E+02   -4.3650982963E+01    7.1167684049E-01    4.8551960898E+04    8.0000000000E+00    1.2000000000E+01    1.4737216472E+06
    4.3639443200E+01    0.0000000000E+00    1.3999579129E+02   -5.7852095832E+01    5.7282313997E-01    3.5427925676E+04    9.0000000000E+00    1.2000000000E+01    8.5904850319E+05
    4.6018202460E+01    0.0000000000E+00    1.8061090253E+02   -7.0742020129E+01    7.0442718523E-01    8.3100875838E+04    1.0000000000E+01    1.2000000000E+01    1.7041284242E+06
    4.8396961720E+01    0.0000000000E+00    1.5464521636E+02   -8.5112021238E+01    9.8290525813E-01    1.5157692285E+05    1.1000000000E+01    1.2000000000E+01    2.8894354958E+06
    5.0775720980E+01    0.0000000000E+00                 NaN                 NaN                 NaN                 NaN    1.2000000000E+01    1.2000000000E+01                 NaN
    5.3154480230E+01    0.0000000000E+00                 NaN                 NaN                 NaN                 NaN    1.3000000000E+01    1.2000000000E+01                 NaN
    5.5533239490E+01    0.0000000000E+00                 NaN                 NaN                 NaN                 NaN    1.4000000000E+01    1.2000000000E+01                 NaN
    5.7911998750E+01    0.0000000000E+00                 NaN                 NaN                 NaN                 NaN    1.5000000000E+01    1.2000000000E+01                 NaN
    6.0290758010E+01    0.0000000000E+00                 NaN                 NaN                 NaN                 NaN    1.6000000000E+01    1.2000000000E+01                 NaN
    6.3233671320E+01    0.0000000000E+00   -1.9329022770E+02   -1.5675901592E+02    1.4200611567E-01   -3.0061318126E+04    1.7000000000E+01    1.2000000000E+01   -6.5837721752E+05
    6.6874535250E+01    0.0000000000E+00   -8.4309924039E+01   -9.6675888030E+01    2.0653466771E-01   -2.3555902044E+04    1.8000000000E+01    1.2000000000E+01   -6.6180299611E+05
    7.1378877970E+01    0.0000000000E+00   -6.5934637234E+01   -6.5697854678E+01    2.7939999516E-01   -1.2077773750E+04    1.9000000000E+01    1.2000000000E+01   -4.1762020145E+05
    7.6951484820E+01    0.0000000000E+00   -4.2771968527E+01   -4.4740351939E+01    3.4119224442E-01   -3.2715842370E+03    2.0000000000E+01    1.2000000000E+01   -1.3521014101E+05
    8.3845708720E+01    0.0000000000E+00   -2.8030622701E+01   -3.0787048689E+01    4.1785193287E-01    6.6685930242E+03    2.1000000000E+01    1.2000000000E+01    3.8232449691E+05
    9.2374988520E+01    0.0000000000E+00   -2.0699564179E+01   -2.2441627428E+01    4.2706422491E-01    8.3431089381E+03    2.2000000000E+01    1.2000000000E+01    5.9171451890E+05
    1.0292709926E+02    0.0000000000E+00    1.2180308195E+01   -1.5178305756E+01    5.3780740373E-01    2.4509506500E+04    2.3000000000E+01    1.2000000000E+01    2.1650297096E+06
    1.1598178864E+02    0.0000000000E+00    1.2180308195E+01   -1.5178305756E+01    4.7770462014E-01    8.1542541247E+02    2.4000000000E+01    1.2000000000E+01    8.4550555797E+04
   -6.6704928300E+00    7.3647144600E+00    0.0000000000E+00    0.0000000000E+00    1.1977799324E+00    1.0136000000E+05    1.0000000000E+00    1.3000000000E+01    2.1207357002E+07
    4.6581115200E+00    6.4783326400E+00    1.5808920316E+01    1.1514341723E+01    7.9430585076E-01    5.7185100398E+04    2.0000000000E+00    1.3000000000E+01    9.5967501713E+06
    1.3967113450E+01    5.7499635300E+00    2.5734970317E+01    1.3460265105E+01    9.5043615100E-01    7.4865367852E+04    3.0000000000E+00    1.3000000000E+01    9.1721703361E+06
    2.1616603960E+01    5.1514304700E+00    3.4155696434E+01    1.5992220375E+01    1.0722338943E+00    8.8168480657E+04    4.0000000000E+00    1.3000000000E+01    7.9611566339E+06
    2.7902475700E+01    4.6595809700E+00    4.4168336938E+01    1.8938427179E+01    1.1603873699E+00    9.6606958398E+04    5.0000000000E+00    1.3000000000E+01    6.4952367914E+06
    3.3067867310E+01    4.2553912100E+00    5.5549994590E+01    2.1927871691E+01    1.2846621372E+00    1.0775781666E+05    6.0000000000E+00    1.3000000000E+01    5.4509918095E+06
    3.7312563820E+01    3.9232302900E+00    6.7989824702E+01    2.4614787264E+01    1.5439873261E+00    1.3035254426E+05    7.0000000000E+00    1.3000000000E+01    5.0126919345E+06
    4.0800723150E+01    3.6502555300E+00    7.6820455842E+01    2.6857019711E+01    1.8802437743E+00    1.5947865703E+05    8.0000000000E+00    1.3000000000E+01    4.7017209893E+06
    4.3667227040E+01    3.4259153100E+00    8.6997194765E+01    2.8736714320E+01    2.3876629155E+00    1.9471444231E+05    9.0000000000E+00    1.3000000000E+01    4.4469476393E+06
    4.6022901230E+01    3.2415403800E+00    8.0631356954E+01    2.4978818136E+01    4.3573741846E+00    3.2640446183E+05    1.0000000000E+01    1.3000000000E+01    6.3613775022E+06
    4.8386804760E+01    3.0809501100E+00    6.6927719538E+01    2.5231325889E+01    5.8328235630E+00    4.6025325306E+05    1.1000000000E+01    1.3000000000E+01    8.5076076818E+06
    5.0762120780E+01    2.9562725900E+00                 NaN                 NaN                 NaN                 NaN    1.2000000000E+01    1.3000000000E+01                 NaN
    5.3145870510E+01    2.8683655600E+00                 NaN                 NaN                 NaN                 NaN    1.3000000000E+01    1.3000000000E+01                 NaN
    5.5535014160E+01    2.8178438200E+00                 NaN                 NaN                 NaN                 NaN    1.4000000000E+01    1.3000000000E+01                 NaN
    5.7926471090E+01    2.8050758000E+00                 NaN                 NaN                 NaN                 NaN    1.5000000000E+01    1.3000000000E+01                 NaN
    6.0284896260E+01    2.8146985600E+00                 NaN                 NaN                 NaN                 NaN    1.6000000000E+01    1.3000000000E+01                 NaN
    6.3207071230E+01    2.8266229700E+00   -1.0565978110E+02    7.2491306960E+01    4.9284290394E-01    2.4982427467E+04    1.7000000000E+01    1.3000000000E+01    6.1497782089E+05
    6.6827789080E+01    2.8413995900E+00   -7.9239991814E+01    5.7055662972E+01    5.6637152613E-01    3.3283277487E+04    1.8000000000E+01    1.3000000000E+01    9.8952476073E+05
    7.1314080610E+01    2.8597108000E+00   -5.4258818631E+01    4.5271903017E+01    6.0450761761E-01    3.6385141918E+04    1.9000000000E+01    1.3000000000E+01    1.3283093457E+06
    7.6872925810E+01    2.8824023000E+00   -3.6595088902E+01    3.6681261145E+01    6.5163894786E-01    4.1288943822E+04    2.0000000000E+01    1.3000000000E+01    1.8675263944E+06
    8.3760809580E+01    2.9105221200E+00   -2.4542258093E+01    3.0141705902E+01    7.0039765629E-01    4.6576013498E+04    2.1000000000E+01    1.3000000000E+01    2.6255633390E+06
    9.2295561990E+01    2.9453690500E+00   -1.8430210883E+01    2.6186073986E+01    6.4414589617E-01    3.9505146334E+04    2.2000000000E+01    1.3000000000E+01    2.7891166132E+06
    1.0287102821E+02    2.9885526000E+00    1.0747160370E+01    2.0949935642E+01    7.3703884584E-01    5.3623051242E+04    2.3000000000E+01    1.3000000000E+01    4.7510866342E+06
    1.1597524390E+02    3.0420673400E+00    0.0000000000E+00    0.0000000000E+00    3.9925997746E-01    3.3786666667E+04    2.4000000000E+01    1.3000000000E+01    3.3672008916E+06
