     10     12      1
      0.00000845     -35.27900314       0.00000000
     10.30632672     -31.04576833       0.00000000
     18.74647506     -27.57904753       0.00000000
     25.65834953     -24.74005252       0.00000000
     31.31867760     -22.41511979       0.00000000
     35.95407920     -20.51116710       0.00000000
     39.75013973     -18.95196678       0.00000000
     42.85884028     -17.67509385       0.00000000
     45.40464246     -16.62942676       0.00000000
     47.48947144     -15.77310085       0.00000000
     -0.37493654     -34.35195607       0.00000000
      9.98258225     -30.22917154       0.00000000
     18.46566749     -26.85250377       0.00000000
     25.41353797     -24.08692830       0.00000000
     31.10403677     -21.82185088       0.00000000
     35.76472345     -19.96669201       0.00000000
     39.58197348     -18.44726503       0.00000000
     42.70843114     -17.20280963       0.00000000
     45.26911403     -16.18356203       0.00000000
     47.36641309     -15.34876512       0.00000000
     -0.81922002     -33.21455213       0.00000000
      9.59913159     -29.22742692       0.00000000
     18.13327759     -25.96139734       0.00000000
     25.12399148     -23.28605036       0.00000000
     30.85042937     -21.09455329       0.00000000
     35.54125834     -19.29939478       0.00000000
     39.38378628     -17.82889098       0.00000000
     42.53144121     -16.62432336       0.00000000
     45.10989866     -15.63759396       0.00000000
     47.22210131     -14.82930483       0.00000000
     -1.34139172     -31.81789794       0.00000000
      9.14890134     -27.99749454       0.00000000
     17.74349855     -24.86748335       0.00000000
     24.78498776     -22.30310176       0.00000000
     30.55406008     -20.20212772       0.00000000
     35.28067951     -18.48081193       0.00000000
     39.15324766     -17.07054036       0.00000000
     42.32611337     -15.91509961       0.00000000
     44.92572629     -14.96843622       0.00000000
     47.05567938     -14.19282081       0.00000000
     -1.94849903     -30.10134961       0.00000000
      8.62647278     -26.48595843       0.00000000
     17.29231785     -23.52327423       0.00000000
     24.39372532     -21.09545734       0.00000000
     30.21316782     -19.10593719       0.00000000
     34.98211774     -17.47557761       0.00000000
     38.89025129     -16.13953040       0.00000000
     42.09299254     -15.04465646       0.00000000
     44.71769689     -14.14741224       0.00000000
     46.86871946     -13.41211749       0.00000000
     -2.64401714     -27.98963350       0.00000000
      8.03014099     -24.62648780       0.00000000
     16.77957168     -21.86978527       0.00000000
     23.95137731     -19.61016680       0.00000000
     29.83008180     -17.75798825       0.00000000
     34.64889876     -16.23977022       0.00000000
     38.59897948     -14.99528446       0.00000000
     41.83699539     -13.97516528       0.00000000
     44.49135515     -13.13895109       0.00000000
     46.66730219     -12.45347897       0.00000000
     -3.42444937     -25.38935532       0.00000000
      7.36510117     -22.33682208       0.00000000
     16.21196159     -19.83391824       0.00000000
     23.46597327     -17.78167175       0.00000000
     29.41399593     -16.09892726       0.00000000
     34.29123238     -14.71914224       0.00000000
     38.29052437     -13.58775728       0.00000000
     41.56997727     -12.66003929       0.00000000
     44.25921411     -11.89931261       0.00000000
     46.46450554     -11.27550822       0.00000000
     -4.27384425     -22.18490035       0.00000000
      6.64789716     -19.51542321       0.00000000
     15.60666113     -17.32574360       0.00000000
     22.95532046     -15.52961558       0.00000000
     28.98333217     -14.05629184       0.00000000
     33.92812105     -12.84774136       0.00000000
     37.98442562     -11.85636527       0.00000000
     41.31196709     -11.04312271       0.00000000
     44.04174267     -10.37599295       0.00000000
     46.28119000      -9.82871363       0.00000000
     -5.15510586     -18.23391282       0.00000000
      5.91206805     -16.03785917       0.00000000
     14.99447166     -14.23564675       0.00000000
     22.44812069     -12.75663278       0.00000000
     28.56518760     -11.54284225       0.00000000
     33.58543928     -10.54669835       0.00000000
     37.70562901      -9.72915888       0.00000000
     41.08720709      -9.05818643       0.00000000
     43.86265159      -8.50749226       0.00000000
     46.14066600      -8.05550523       0.00000000
     -5.99643459     -13.36294710       0.00000000
      5.21614656     -11.75281263       0.00000000
     14.42325391     -10.43066341       0.00000000
     21.98365118      -9.34497995       0.00000000
     28.19193492      -8.45345766       0.00000000
     33.29000365      -7.72135975       0.00000000
     37.47647734      -7.12016453       0.00000000
     40.91443498      -6.62645424       0.00000000
     43.73777088      -6.22100220       0.00000000
     46.05641623      -5.88802299       0.00000000
     -6.67049283      -7.36471446       0.00000000
      4.65811152      -6.47833264       0.00000000
     13.96711345      -5.74996353       0.00000000
     21.61660396      -5.15143047       0.00000000
     27.90247570      -4.65958097       0.00000000
     33.06786731      -4.25539121       0.00000000
     37.31256382      -3.92323029       0.00000000
     40.80072315      -3.65025553       0.00000000
     43.66722704      -3.42591531       0.00000000
     46.02290123      -3.24154038       0.00000000
     -6.96302032       0.00000000       0.00000000
      4.40081668       0.00000000       0.00000000
     13.74685878       0.00000000       0.00000000
     21.43340042       0.00000000       0.00000000
     27.75510556       0.00000000       0.00000000
     32.95431708       0.00000000       0.00000000
     37.23034702       0.00000000       0.00000000
     40.74711721       0.00000000       0.00000000
     43.63944320       0.00000000       0.00000000
     46.01820246       0.00000000       0.00000000
6     12      1
     47.48947144     -15.77310085       0.00000000
     49.60735068     -15.00326219       0.00000000
     51.78126980     -14.40984866       0.00000000
     53.99656026     -13.99686881       0.00000000
     56.23827277     -13.76710960       0.00000000
     58.49127960     -13.72211742       0.00000000
     47.36641309     -15.34876512       0.00000000
     49.50499915     -14.59804758       0.00000000
     51.69806772     -14.01884773       0.00000000
     53.93136023     -13.61507421       0.00000000
     56.19034414     -13.38944965       0.00000000
     58.46031216     -13.34349233       0.00000000
     47.22210131     -14.82930483       0.00000000
     49.38479364     -14.10219437       0.00000000
     51.60006828     -13.54061477       0.00000000
     53.85416651     -13.14835071       0.00000000
     56.13306401     -12.92804399       0.00000000
     58.42256648     -12.88117595       0.00000000
     47.05567938     -14.19282081       0.00000000
     49.24591211     -13.49496416       0.00000000
     51.48640871     -12.95533470       0.00000000
     53.76401979     -12.57756340       0.00000000
     56.06534085     -12.36419061       0.00000000
     58.37680350     -12.31664935       0.00000000
     46.86871946     -13.41211749       0.00000000
     49.08952178     -12.75066459       0.00000000
     51.35775923     -12.23852886       0.00000000
     53.66102525     -11.87915067       0.00000000
     55.98667124     -11.67494308       0.00000000
     58.32189246     -11.62727623       0.00000000
     46.66730219     -12.45347897       0.00000000
     48.92054270     -11.83750606       0.00000000
     51.21776706     -11.35998081       0.00000000
     53.54747425     -11.02410731       0.00000000
     55.89793752     -10.83213908       0.00000000
     58.25728382     -10.78536475       0.00000000
     46.46450554     -11.27550822       0.00000000
     48.74983309     -10.71646551       0.00000000
     51.07493361     -10.28261049       0.00000000
     53.42941000      -9.97685445       0.00000000
     55.80265977      -9.80125108       0.00000000
     58.18394658      -9.75698366       0.00000000
     46.28119000      -9.82871363       0.00000000
     48.59510113      -9.34073581       0.00000000
     50.94364826      -8.96177163       0.00000000
     53.31777982      -8.69436948       0.00000000
     55.70826418      -8.54033279       0.00000000
     58.10575172      -8.50070896       0.00000000
     46.14066600      -8.05550523       0.00000000
     48.47682251      -7.65550732       0.00000000
     50.84135016      -7.34480038       0.00000000
     53.22683700      -7.12548359       0.00000000
     55.62572249      -6.99904758       0.00000000
     58.03034820      -6.96636546       0.00000000
     46.05641623      -5.88802299       0.00000000
     48.40813722      -5.59589142       0.00000000
     50.78059045      -5.36900548       0.00000000
     53.16836170      -5.20890917       0.00000000
     55.56592720      -5.11670321       0.00000000
     57.96769058      -5.09303861       0.00000000
     46.02290123      -3.24154038       0.00000000
     48.38680476      -3.08095011       0.00000000
     50.76212078      -2.95627259       0.00000000
     53.14587051      -2.86836556       0.00000000
     55.53501416      -2.81784382       0.00000000
     57.92647109      -2.80507580       0.00000000
     46.01820246       0.00000000       0.00000000
     48.39696172       0.00000000       0.00000000
     50.77572098       0.00000000       0.00000000
     53.15448023       0.00000000       0.00000000
     55.53323949       0.00000000       0.00000000
     57.91199875       0.00000000       0.00000000
