           1   1.0000000000000000        1.0000000000000000     
           2   1.0000000000000000        1.0000000000000000     
           3   1.0000000000000000        1.0000000000000000     
           4   1.0000000000000000        1.0000000000000000     
           5   1.0000000000000000        1.0000000000000000     
           6   1.0000000000000000        1.0000000000000000     
           7   1.0000000000000000        1.0000000000000000     
           8   1.0000000000000000        1.0000000000000000     
           9   1.0000000000000000        1.0000000000000000     
          10   1.0000000000000000        1.0000000000000000     
          11   1.0000000000000000        1.0000000000000000     
          12   1.0000000000000000        1.0000000000000000     
          13   1.0000000000000000        1.0000000000000000     
          14   1.0000000000000000        1.0000000000000000     
          15   1.0000000000000000        1.0000000000000000     
          16   1.0000000000000000        1.0000000000000000     
          17   1.0000000000000000        1.0000000000000000     
          18   1.0000000000000000        1.0000000000000000     
          19   1.0000000000000000        1.0000000000000000     
          20   1.0000000000000000        1.0000000000000000     
          21   1.0000000000000000        1.0000000000000000     
          22   1.0000000000000000        1.0000000000000000     
          23   1.0000000000000000        1.0000000000000000     
          24   1.0000000000000000        1.0000000000000000     
          25   1.0000000000000000        1.0000000000000000     
          26   1.0000000000000000        1.0000000000000000     
          27   1.0000000000000000        1.0000000000000000     
          28   1.0000000000000000        1.0000000000000000     
          29   1.0000000000000000        1.0000000000000000     
          30   1.0000000000000000        1.0000000000000000     
          31   1.0000000000000000        1.0000000000000000     
          32   1.0000000000000000        1.0000000000000000     
          33   1.0000000000000000        1.0000000000000000     
          34   1.0000000000000000        1.0000000000000000     
          35   1.0000000000000000        1.0000000000000000     
          36   1.0000000000000000        1.0000000000000000     
          37   1.0000000000000000        1.0000000000000000     
          38   1.0000000000000000        1.0000000000000000     
          39   1.0000000000000000        1.0000000000000000     
          40   1.0000000000000000        1.0000000000000000     
          41   1.0000000000000000        1.0000000000000000     
          42   1.0000000000000000        1.0000000000000000     
          43   1.0000000000000000        1.0000000000000000     
          44   1.0000000000000000        1.0000000000000000     
          45   1.0000000000000000        1.0000000000000000     
          46   1.0000000000000000        1.0000000000000000     
          47   1.0000000000000000        1.0000000000000000     
          48   1.0000000000000000        1.0000000000000000     
          49   1.0000000000000000        1.0000000000000000     
          50   1.0000000000000000        1.0000000000000000     
          51   1.0000000000000000        1.0000000000000000     
          52   1.0000000000000000        1.0000000000000000     
          53   1.0000000000000000        1.0000000000000000     
          54   1.0000000000000000        1.0000000000000000     
          55   1.0000000000000000        1.0000000000000000     
          56   1.0000000000000000        1.0000000000000000     
          57   1.0000000000000000        1.0000000000000000     
          58   1.0000000000000000        1.0000000000000000     
          59   1.0000000000000000        1.0000000000000000     
          60   1.0000000000000000        1.0000000000000000     
          61   1.0000000000000000        1.0000000000000000     
          62   1.0000000000000000        1.0000000000000000     
          63   1.0000000000000000        1.0000000000000000     
          64   1.0000000000000000        1.0000000000000000     
          65   1.0000000000000000        1.0000000000000000     
          66   1.0000000000000000        1.0000000000000000     
          67   1.0000000000000000        1.0000000000000000     
          68   1.0000000000000000        1.0000000000000000     
          69   1.0000000000000000        1.0000000000000000     
          70   1.0000000000000000        1.0000000000000000     
          71   1.0000000000000000        1.0000000000000000     
          72   1.0000000000000000        1.0000000000000000     
          73   1.0000000000000000        1.0000000000000000     
          74   1.0000000000000000        1.0000000000000000     
          75   0.0000000000000000        1.0000000000000000     
          76  -1.0000000000000000       0.50000000000000000     
          77  -1.0000000000000000      -0.25000000000000000     
          78  -1.0000000000000000      -0.62500000000000000     
          79  -1.0000000000000000      -0.81250000000000000     
          80  -1.0000000000000000      -0.90625000000000000     
          81  -1.0000000000000000      -0.95312500000000000     
          82  -1.0000000000000000      -0.97656250000000000     
          83  -1.0000000000000000      -0.98828125000000000     
          84  -1.0000000000000000      -0.99414062500000000     
          85  -1.0000000000000000      -0.99707031250000000     
          86  -1.0000000000000000      -0.99853515625000000     
          87  -1.0000000000000000      -0.99926757812500000     
          88  -1.0000000000000000      -0.99963378906250000     
          89  -1.0000000000000000      -0.99981689453125000     
          90  -1.0000000000000000      -0.99990844726562500     
          91  -1.0000000000000000      -0.99995422363281250     
          92  -1.0000000000000000      -0.99997711181640625     
          93  -1.0000000000000000      -0.99998855590820312     
          94  -1.0000000000000000      -0.99999427795410156     
          95  -1.0000000000000000      -0.99999713897705078     
          96  -1.0000000000000000      -0.99999856948852539     
          97  -1.0000000000000000      -0.99999928474426270     
          98  -1.0000000000000000      -0.99999964237213135     
          99  -1.0000000000000000      -0.99999982118606567     
         100  -1.0000000000000000      -0.99999991059303284     
         101  -1.0000000000000000      -0.99999995529651642     
         102  -1.0000000000000000      -0.99999997764825821     
         103  -1.0000000000000000      -0.99999998882412910     
         104  -1.0000000000000000      -0.99999999441206455     
         105  -1.0000000000000000      -0.99999999720603228     
         106  -1.0000000000000000      -0.99999999860301614     
         107  -1.0000000000000000      -0.99999999930150807     
         108  -1.0000000000000000      -0.99999999965075403     
         109  -1.0000000000000000      -0.99999999982537702     
         110  -1.0000000000000000      -0.99999999991268851     
         111  -1.0000000000000000      -0.99999999995634425     
         112  -1.0000000000000000      -0.99999999997817213     
         113  -1.0000000000000000      -0.99999999998908606     
         114  -1.0000000000000000      -0.99999999999454303     
         115  -1.0000000000000000      -0.99999999999727152     
         116  -1.0000000000000000      -0.99999999999863576     
         117  -1.0000000000000000      -0.99999999999931788     
         118  -1.0000000000000000      -0.99999999999965894     
         119  -1.0000000000000000      -0.99999999999982947     
         120  -1.0000000000000000      -0.99999999999991473     
         121  -1.0000000000000000      -0.99999999999995737     
         122  -1.0000000000000000      -0.99999999999997868     
         123  -1.0000000000000000      -0.99999999999998934     
         124  -1.0000000000000000      -0.99999999999999467     
         125  -1.0000000000000000      -0.99999999999999734     
         126  -1.0000000000000000      -0.99999999999999867     
         127  -1.0000000000000000      -0.99999999999999933     
         128  -1.0000000000000000      -0.99999999999999967     
         129  -1.0000000000000000      -0.99999999999999978     
         130  -1.0000000000000000      -0.99999999999999989     
         131  -1.0000000000000000       -1.0000000000000000     
         132  -1.0000000000000000       -1.0000000000000000     
         133  -1.0000000000000000       -1.0000000000000000     
         134  -1.0000000000000000       -1.0000000000000000     
         135  -1.0000000000000000       -1.0000000000000000     
         136  -1.0000000000000000       -1.0000000000000000     
         137  -1.0000000000000000       -1.0000000000000000     
         138  -1.0000000000000000       -1.0000000000000000     
         139  -1.0000000000000000       -1.0000000000000000     
         140  -1.0000000000000000       -1.0000000000000000     
         141  -1.0000000000000000       -1.0000000000000000     
         142  -1.0000000000000000       -1.0000000000000000     
         143  -1.0000000000000000       -1.0000000000000000     
         144  -1.0000000000000000       -1.0000000000000000     
         145  -1.0000000000000000       -1.0000000000000000     
         146  -1.0000000000000000       -1.0000000000000000     
         147  -1.0000000000000000       -1.0000000000000000     
         148  -1.0000000000000000       -1.0000000000000000     
         149  -1.0000000000000000       -1.0000000000000000     
         150  -1.0000000000000000       -1.0000000000000000     
