           1   1.0000000000000000        1.0000000000000000     
           2   1.0000000000000000        1.0000000000000000     
           3   1.0000000000000000        1.0000000000000000     
           4   1.0000000000000000        1.0000000000000000     
           5   1.0000000000000000        1.0000000000000000     
           6   1.0000000000000000        1.0000000000000000     
           7   1.0000000000000000        1.0000000000000000     
           8   1.0000000000000000        1.0000000000000000     
           9   1.0000000000000000        1.0000000000000000     
          10   1.0000000000000000        1.0000000000000000     
          11   1.0000000000000000        1.0000000000000000     
          12   1.0000000000000000        1.0000000000000000     
          13   1.0000000000000000        1.0000000000000000     
          14   1.0000000000000000        1.0000000000000000     
          15   1.0000000000000000        1.0000000000000000     
          16   1.0000000000000000        1.0000000000000000     
          17   1.0000000000000000        1.0000000000000000     
          18   1.0000000000000000        1.0000000000000000     
          19   1.0000000000000000        1.0000000000000000     
          20   1.0000000000000000        1.0000000000000000     
          21   1.0000000000000000        1.0000000000000000     
          22   1.0000000000000000        1.0000000000000000     
          23   1.0000000000000000        1.0000000000000000     
          24   1.0000000000000000        1.0000000000000000     
          25   1.0000000000000000        1.0000000000000000     
          26   1.0000000000000000        1.0000000000000000     
          27   1.0000000000000000        1.0000000000000000     
          28   1.0000000000000000        1.0000000000000000     
          29   1.0000000000000000        1.0000000000000000     
          30   1.0000000000000000        1.0000000000000000     
          31   1.0000000000000000        1.0000000000000000     
          32   1.0000000000000000        1.0000000000000000     
          33   1.0000000000000000        1.0000000000000000     
          34   1.0000000000000000        1.0000000000000000     
          35   1.0000000000000000        1.0000000000000000     
          36   1.0000000000000000        1.0000000000000000     
          37   1.0000000000000000        1.0000000000000000     
          38   1.0000000000000000        1.0000000000000000     
          39   1.0000000000000000        1.0000000000000000     
          40   1.0000000000000000        1.0000000000000000     
          41   1.0000000000000000        1.0000000000000000     
          42   1.0000000000000000        1.0000000000000000     
          43   1.0000000000000000        1.0000000000000000     
          44   1.0000000000000000        1.0000000000000000     
          45   1.0000000000000000        1.0000000000000000     
          46   1.0000000000000000        1.0000000000000000     
          47   1.0000000000000000        1.0000000000000000     
          48   1.0000000000000000        1.0000000000000000     
          49   1.0000000000000000        1.0000000000000000     
          50   1.0000000000000000        1.0000000000000000     
          51   1.0000000000000000        1.0000000000000000     
          52   1.0000000000000000        1.0000000000000000     
          53   1.0000000000000000        1.0000000000000000     
          54   1.0000000000000000        1.0000000000000000     
          55   1.0000000000000000        1.0000000000000000     
          56   1.0000000000000000        1.0000000000000000     
          57   1.0000000000000000        1.0000000000000000     
          58   1.0000000000000000        1.0000000000000000     
          59   1.0000000000000000        1.0000000000000000     
          60   1.0000000000000000        1.0000000000000000     
          61   1.0000000000000000        1.0000000000000000     
          62   1.0000000000000000        1.0000000000000000     
          63   1.0000000000000000        1.0000000000000000     
          64   1.0000000000000000        1.0000000000000000     
          65   1.0000000000000000        1.0000000000000000     
          66   1.0000000000000000        1.0000000000000000     
          67   1.0000000000000000        1.0000000000000000     
          68   1.0000000000000000        1.0000000000000000     
          69   1.0000000000000000        1.0000000000000000     
          70   1.0000000000000000        1.0000000000000000     
          71   1.0000000000000000        1.0000000000000000     
          72   1.0000000000000000        1.0000000000000000     
          73   1.0000000000000000        1.2500000000000000     
          74   1.0000000000000000        1.1250000000000000     
          75   0.0000000000000000        1.0625000000000000     
          76  -1.0000000000000000       0.53125000000000000     
          77  -1.0000000000000000      -0.48437500000000000     
          78  -1.0000000000000000      -0.74218750000000000     
          79  -1.0000000000000000      -0.87109375000000000     
          80  -1.0000000000000000      -0.93554687500000000     
          81  -1.0000000000000000      -0.96777343750000000     
          82  -1.0000000000000000      -0.98388671875000000     
          83  -1.0000000000000000      -0.99194335937500000     
          84  -1.0000000000000000      -0.99597167968750000     
          85  -1.0000000000000000      -0.99798583984375000     
          86  -1.0000000000000000      -0.99899291992187500     
          87  -1.0000000000000000      -0.99949645996093750     
          88  -1.0000000000000000      -0.99974822998046875     
          89  -1.0000000000000000      -0.99987411499023438     
          90  -1.0000000000000000      -0.99993705749511719     
          91  -1.0000000000000000      -0.99996852874755859     
          92  -1.0000000000000000      -0.99998426437377930     
          93  -1.0000000000000000      -0.99999213218688965     
          94  -1.0000000000000000      -0.99999606609344482     
          95  -1.0000000000000000      -0.99999803304672241     
          96  -1.0000000000000000      -0.99999901652336121     
          97  -1.0000000000000000      -0.99999950826168060     
          98  -1.0000000000000000      -0.99999975413084030     
          99  -1.0000000000000000      -0.99999987706542015     
         100  -1.0000000000000000      -0.99999993853271008     
         101  -1.0000000000000000      -0.99999996926635504     
         102  -1.0000000000000000      -0.99999998463317752     
         103  -1.0000000000000000      -0.99999999231658876     
         104  -1.0000000000000000      -0.99999999615829438     
         105  -1.0000000000000000      -0.99999999807914719     
         106  -1.0000000000000000      -0.99999999903957359     
         107  -1.0000000000000000      -0.99999999951978680     
         108  -1.0000000000000000      -0.99999999975989340     
         109  -1.0000000000000000      -0.99999999987994670     
         110  -1.0000000000000000      -0.99999999993997335     
         111  -1.0000000000000000      -0.99999999996998667     
         112  -1.0000000000000000      -0.99999999998499334     
         113  -1.0000000000000000      -0.99999999999249667     
         114  -1.0000000000000000      -0.99999999999624833     
         115  -1.0000000000000000      -0.99999999999812417     
         116  -1.0000000000000000      -0.99999999999906208     
         117  -1.0000000000000000      -0.99999999999953104     
         118  -1.0000000000000000      -0.99999999999976552     
         119  -1.0000000000000000      -0.99999999999988276     
         120  -1.0000000000000000      -0.99999999999994138     
         121  -1.0000000000000000      -0.99999999999997069     
         122  -1.0000000000000000      -0.99999999999998535     
         123  -1.0000000000000000      -0.99999999999999267     
         124  -1.0000000000000000      -0.99999999999999634     
         125  -1.0000000000000000      -0.99999999999999822     
         126  -1.0000000000000000      -0.99999999999999911     
         127  -1.0000000000000000      -0.99999999999999956     
         128  -1.0000000000000000      -0.99999999999999978     
         129  -1.0000000000000000      -0.99999999999999989     
         130  -1.0000000000000000       -1.0000000000000000     
         131  -1.0000000000000000       -1.0000000000000000     
         132  -1.0000000000000000       -1.0000000000000000     
         133  -1.0000000000000000       -1.0000000000000000     
         134  -1.0000000000000000       -1.0000000000000000     
         135  -1.0000000000000000       -1.0000000000000000     
         136  -1.0000000000000000       -1.0000000000000000     
         137  -1.0000000000000000       -1.0000000000000000     
         138  -1.0000000000000000       -1.0000000000000000     
         139  -1.0000000000000000       -1.0000000000000000     
         140  -1.0000000000000000       -1.0000000000000000     
         141  -1.0000000000000000       -1.0000000000000000     
         142  -1.0000000000000000       -1.0000000000000000     
         143  -1.0000000000000000       -1.0000000000000000     
         144  -1.0000000000000000       -1.0000000000000000     
         145  -1.0000000000000000       -1.0000000000000000     
         146  -1.0000000000000000       -1.0000000000000000     
         147  -1.0000000000000000       -1.0000000000000000     
         148  -1.0000000000000000       -1.0000000000000000     
         149  -1.0000000000000000       -1.0000000000000000     
         150  -1.0000000000000000       -1.0000000000000000     
