 TITLE = "Projeto1" 
 VARIABLES = "X" "Y" "u" "v" "rho" "p" "i" "j" "e" 
 ZONE I =           24  J =          13  DATAPACKING = POINT
    8.4500000000E-06   -3.5279003140E+01    0.0000000000E+00    0.0000000000E+00    1.1977799324E+00    9.0973775680E+03    1.0000000000E+00    1.0000000000E+00    2.5340000000E+05
    1.0306326720E+01   -3.1045768330E+01    0.0000000000E+00    0.0000000000E+00    1.1977799324E+00    1.1388045891E+04    2.0000000000E+00    1.0000000000E+00    2.5340000000E+05
    1.8746475060E+01   -2.7579047530E+01    0.0000000000E+00    0.0000000000E+00    1.1977799324E+00    1.5684807044E+04    3.0000000000E+00    1.0000000000E+00    2.5340000000E+05
    2.5658349530E+01   -2.4740052520E+01    0.0000000000E+00    0.0000000000E+00    1.1977799324E+00    2.1394349312E+04    4.0000000000E+00    1.0000000000E+00    2.5340000000E+05
    3.1318677600E+01   -2.2415119790E+01    0.0000000000E+00    0.0000000000E+00    1.1977799324E+00    2.8894665877E+04    5.0000000000E+00    1.0000000000E+00    2.5340000000E+05
    3.5954079200E+01   -2.0511167100E+01    0.0000000000E+00    0.0000000000E+00    1.1977799324E+00    3.8639173464E+04    6.0000000000E+00    1.0000000000E+00    2.5340000000E+05
    3.9750139730E+01   -1.8951966780E+01    0.0000000000E+00    0.0000000000E+00    1.1977799324E+00    5.1168960305E+04    7.0000000000E+00    1.0000000000E+00    2.5340000000E+05
    4.2858840280E+01   -1.7675093850E+01    0.0000000000E+00    0.0000000000E+00    1.1977799324E+00    6.7128858430E+04    8.0000000000E+00    1.0000000000E+00    2.5340000000E+05
    4.5404642460E+01   -1.6629426760E+01    0.0000000000E+00    0.0000000000E+00    1.1977799324E+00    8.7288664188E+04    9.0000000000E+00    1.0000000000E+00    2.5340000000E+05
    4.7489471440E+01   -1.5773100850E+01    0.0000000000E+00    0.0000000000E+00    1.1977799324E+00    1.0220459891E+05    1.0000000000E+01    1.0000000000E+00    2.5340000000E+05
    4.9607350680E+01   -1.5003262190E+01    0.0000000000E+00    0.0000000000E+00    1.1977799324E+00    1.0790840275E+05    1.1000000000E+01    1.0000000000E+00    2.5340000000E+05
    5.1781269800E+01   -1.4409848660E+01    0.0000000000E+00    0.0000000000E+00    1.1977799324E+00    1.1262728731E+05    1.2000000000E+01    1.0000000000E+00    2.5340000000E+05
    5.3996560260E+01   -1.3996868810E+01    0.0000000000E+00    0.0000000000E+00    1.1977799324E+00    1.1626744750E+05    1.3000000000E+01    1.0000000000E+00    2.5340000000E+05
    5.6238272770E+01   -1.3767109600E+01    0.0000000000E+00    0.0000000000E+00    1.1977799324E+00    1.1850508185E+05    1.4000000000E+01    1.0000000000E+00    2.5340000000E+05
    5.8491279600E+01   -1.3722117420E+01    0.0000000000E+00    0.0000000000E+00    1.1977799324E+00    1.1881823831E+05    1.5000000000E+01    1.0000000000E+00    2.5340000000E+05
    6.0744619520E+01   -1.3769711210E+01    0.0000000000E+00    0.0000000000E+00    1.1977799324E+00    1.0555565519E+05    1.6000000000E+01    1.0000000000E+00    2.5340000000E+05
    6.3553982470E+01   -1.3829049520E+01    0.0000000000E+00    0.0000000000E+00    1.1977799324E+00    8.4284282066E+04    1.7000000000E+01    1.0000000000E+00    2.5340000000E+05
    6.7056569970E+01   -1.3903029860E+01    0.0000000000E+00    0.0000000000E+00    1.1977799324E+00    6.7226868101E+04    1.8000000000E+01    1.0000000000E+00    2.5340000000E+05
    7.1423438710E+01   -1.3995265220E+01    0.0000000000E+00    0.0000000000E+00    1.1977799324E+00    5.3550247358E+04    1.9000000000E+01    1.0000000000E+00    2.5340000000E+05
    7.6867854440E+01   -1.4110260120E+01    0.0000000000E+00    0.0000000000E+00    1.1977799324E+00    4.2586323759E+04    2.0000000000E+01    1.0000000000E+00    2.5340000000E+05
    8.3655707370E+01   -1.4253630600E+01    0.0000000000E+00    0.0000000000E+00    1.1977799324E+00    3.3799413037E+04    2.1000000000E+01    1.0000000000E+00    2.5340000000E+05
    9.2118497430E+01   -1.4432378480E+01    0.0000000000E+00    0.0000000000E+00    1.1977799324E+00    2.6760066817E+04    2.2000000000E+01    1.0000000000E+00    2.5340000000E+05
    1.0266952384E+02   -1.4655233290E+01    0.0000000000E+00    0.0000000000E+00    1.1977799324E+00    2.1124065739E+04    2.3000000000E+01    1.0000000000E+00    2.5340000000E+05
    1.1582405090E+02   -1.4933078770E+01    0.0000000000E+00    0.0000000000E+00    1.1977799324E+00    1.8665472864E+04    2.4000000000E+01    1.0000000000E+00    2.5340000000E+05
   -3.7493654000E-01   -3.4351956070E+01    0.0000000000E+00    0.0000000000E+00    1.1977799324E+00    8.1873684141E+03    1.0000000000E+00    2.0000000000E+00    2.5340000000E+05
    9.9825822500E+00   -3.0229171540E+01    0.0000000000E+00    0.0000000000E+00    1.1977799324E+00    1.0248159278E+04    2.0000000000E+00    2.0000000000E+00    2.5340000000E+05
    1.8465667490E+01   -2.6852503770E+01    0.0000000000E+00    0.0000000000E+00    1.1977799324E+00    1.4112914786E+04    3.0000000000E+00    2.0000000000E+00    2.5340000000E+05
    2.5413537970E+01   -2.4086928300E+01    0.0000000000E+00    0.0000000000E+00    1.1977799324E+00    1.9247653270E+04    4.0000000000E+00    2.0000000000E+00    2.5340000000E+05
    3.1104036770E+01   -2.1821850880E+01    0.0000000000E+00    0.0000000000E+00    1.1977799324E+00    2.5991872707E+04    5.0000000000E+00    2.0000000000E+00    2.5340000000E+05
    3.5764723450E+01   -1.9966692010E+01    0.0000000000E+00    0.0000000000E+00    1.1977799324E+00    3.4752709545E+04    6.0000000000E+00    2.0000000000E+00    2.5340000000E+05
    3.9581973480E+01   -1.8447265030E+01    0.0000000000E+00    0.0000000000E+00    1.1977799324E+00    4.6015898087E+04    7.0000000000E+00    2.0000000000E+00    2.5340000000E+05
    4.2708431140E+01   -1.7202809630E+01    0.0000000000E+00    0.0000000000E+00    1.1977799324E+00    6.0360156602E+04    8.0000000000E+00    2.0000000000E+00    2.5340000000E+05
    4.5269114030E+01   -1.6183562030E+01    0.0000000000E+00    0.0000000000E+00    1.1977799324E+00    7.8476195989E+04    9.0000000000E+00    2.0000000000E+00    2.5340000000E+05
    4.7366413090E+01   -1.5348765120E+01    0.0000000000E+00    0.0000000000E+00    1.1977799324E+00    9.1692603075E+04    1.0000000000E+01    2.0000000000E+00    2.5340000000E+05
    4.9504999150E+01   -1.4598047580E+01    0.0000000000E+00    0.0000000000E+00    1.1977799324E+00    9.6554090803E+04    1.1000000000E+01    2.0000000000E+00    2.5340000000E+05
    5.1698067720E+01   -1.4018847730E+01    0.0000000000E+00    0.0000000000E+00    1.1977799324E+00    1.0071393699E+05    1.2000000000E+01    2.0000000000E+00    2.5340000000E+05
    5.3931360230E+01   -1.3615074210E+01    0.0000000000E+00    0.0000000000E+00    1.1977799324E+00    1.0392166367E+05    1.3000000000E+01    2.0000000000E+00    2.5340000000E+05
    5.6190344140E+01   -1.3389449650E+01    0.0000000000E+00    0.0000000000E+00    1.1977799324E+00    1.0589604085E+05    1.4000000000E+01    2.0000000000E+00    2.5340000000E+05
    5.8460312160E+01   -1.3343492330E+01    0.0000000000E+00    0.0000000000E+00    1.1977799324E+00    1.0648829010E+05    1.5000000000E+01    2.0000000000E+00    2.5340000000E+05
    6.0717878330E+01   -1.3389802890E+01    0.0000000000E+00    0.0000000000E+00    1.1977799324E+00    9.4879755729E+04    1.6000000000E+01    2.0000000000E+00    2.5340000000E+05
    6.3531877740E+01   -1.3447528720E+01    0.0000000000E+00    0.0000000000E+00    1.1977799324E+00    7.5776818125E+04    1.7000000000E+01    2.0000000000E+00    2.5340000000E+05
    6.7039463590E+01   -1.3519483110E+01    0.0000000000E+00    0.0000000000E+00    1.1977799324E+00    6.0454661137E+04    1.8000000000E+01    2.0000000000E+00    2.5340000000E+05
    7.1411597120E+01   -1.3609173330E+01    0.0000000000E+00    0.0000000000E+00    1.1977799324E+00    4.8166492051E+04    1.9000000000E+01    2.0000000000E+00    2.5340000000E+05
    7.6861381490E+01   -1.3720971250E+01    0.0000000000E+00    0.0000000000E+00    1.1977799324E+00    3.8313328552E+04    2.0000000000E+01    2.0000000000E+00    2.5340000000E+05
    8.3654450210E+01   -1.3860326380E+01    0.0000000000E+00    0.0000000000E+00    1.1977799324E+00    3.0414788930E+04    2.1000000000E+01    2.0000000000E+00    2.5340000000E+05
    9.2121916200E+01   -1.4034031630E+01    0.0000000000E+00    0.0000000000E+00    1.1977799324E+00    2.4085664420E+04    2.2000000000E+01    2.0000000000E+00    2.5340000000E+05
    1.0267651289E+02   -1.4250554360E+01    0.0000000000E+00    0.0000000000E+00    1.1977799324E+00    1.9017122955E+04    2.3000000000E+01    2.0000000000E+00    2.5340000000E+05
    1.1583269561E+02   -1.4520449310E+01    0.0000000000E+00    0.0000000000E+00    1.1977799324E+00    1.6805508408E+04    2.4000000000E+01    2.0000000000E+00    2.5340000000E+05
   -8.1922002000E-01   -3.3214552130E+01    0.0000000000E+00    0.0000000000E+00    1.1977799324E+00    6.7005824352E+03    1.0000000000E+00    3.0000000000E+00    2.5340000000E+05
    9.5991315900E+00   -2.9227426920E+01    0.0000000000E+00    0.0000000000E+00    1.1977799324E+00    8.3867937489E+03    2.0000000000E+00    3.0000000000E+00    2.5340000000E+05
    1.8133277590E+01   -2.5961397340E+01    0.0000000000E+00    0.0000000000E+00    1.1977799324E+00    1.1548417178E+04    3.0000000000E+00    3.0000000000E+00    2.5340000000E+05
    2.5123991480E+01   -2.3286050360E+01    0.0000000000E+00    0.0000000000E+00    1.1977799324E+00    1.5748760222E+04    4.0000000000E+00    3.0000000000E+00    2.5340000000E+05
    3.0850429370E+01   -2.1094553290E+01    0.0000000000E+00    0.0000000000E+00    1.1977799324E+00    2.1265462841E+04    5.0000000000E+00    3.0000000000E+00    2.5340000000E+05
    3.5541258340E+01   -1.9299394780E+01    0.0000000000E+00    0.0000000000E+00    1.1977799324E+00    2.8431441032E+04    6.0000000000E+00    3.0000000000E+00    2.5340000000E+05
    3.9383786280E+01   -1.7828890980E+01    0.0000000000E+00    0.0000000000E+00    1.1977799324E+00    3.7643810214E+04    7.0000000000E+00    3.0000000000E+00    2.5340000000E+05
    4.2531441210E+01   -1.6624323360E+01    0.0000000000E+00    0.0000000000E+00    1.1977799324E+00    4.9375595052E+04    8.0000000000E+00    3.0000000000E+00    2.5340000000E+05
    4.5109898660E+01   -1.5637593960E+01    0.0000000000E+00    0.0000000000E+00    1.1977799324E+00    6.4191210674E+04    9.0000000000E+00    3.0000000000E+00    2.5340000000E+05
    4.7222101310E+01   -1.4829304830E+01    0.0000000000E+00    0.0000000000E+00    1.1977799324E+00    7.4823189905E+04    1.0000000000E+01    3.0000000000E+00    2.5340000000E+05
    4.9384793640E+01   -1.4102194370E+01    0.0000000000E+00    0.0000000000E+00    1.1977799324E+00    7.8525772045E+04    1.1000000000E+01    3.0000000000E+00    2.5340000000E+05
    5.1600068280E+01   -1.3540614770E+01    0.0000000000E+00    0.0000000000E+00    1.1977799324E+00    8.1822340980E+04    1.2000000000E+01    3.0000000000E+00    2.5340000000E+05
    5.3854166510E+01   -1.3148350710E+01    0.0000000000E+00    0.0000000000E+00    1.1977799324E+00    8.4369291578E+04    1.3000000000E+01    3.0000000000E+00    2.5340000000E+05
    5.6133064010E+01   -1.2928043990E+01    0.0000000000E+00    0.0000000000E+00    1.1977799324E+00    8.5949454268E+04    1.4000000000E+01    3.0000000000E+00    2.5340000000E+05
    5.8422566480E+01   -1.2881175950E+01    0.0000000000E+00    0.0000000000E+00    1.1977799324E+00    8.6732809956E+04    1.5000000000E+01    3.0000000000E+00    2.5340000000E+05
    6.0685277420E+01   -1.2925914190E+01    0.0000000000E+00    0.0000000000E+00    1.1977799324E+00    7.7532141489E+04    1.6000000000E+01    3.0000000000E+00    2.5340000000E+05
    6.3504918180E+01   -1.2981665290E+01    0.0000000000E+00    0.0000000000E+00    1.1977799324E+00    6.1938680184E+04    1.7000000000E+01    3.0000000000E+00    2.5340000000E+05
    6.7018581810E+01   -1.3051139870E+01    0.0000000000E+00    0.0000000000E+00    1.1977799324E+00    4.9427907196E+04    1.8000000000E+01    3.0000000000E+00    2.5340000000E+05
    7.1397111430E+01   -1.3137716350E+01    0.0000000000E+00    0.0000000000E+00    1.1977799324E+00    3.9391638646E+04    1.9000000000E+01    3.0000000000E+00    2.5340000000E+05
    7.6853409680E+01   -1.3245604970E+01    0.0000000000E+00    0.0000000000E+00    1.1977799324E+00    3.1341917247E+04    2.0000000000E+01    3.0000000000E+00    2.5340000000E+05
    8.3652794060E+01   -1.3380052480E+01    0.0000000000E+00    0.0000000000E+00    1.1977799324E+00    2.4887292490E+04    2.1000000000E+01    3.0000000000E+00    2.5340000000E+05
    9.2125901690E+01   -1.3547597450E+01    0.0000000000E+00    0.0000000000E+00    1.1977799324E+00    1.9713772711E+04    2.2000000000E+01    3.0000000000E+00    2.5340000000E+05
    1.0268477089E+02   -1.3756388210E+01    0.0000000000E+00    0.0000000000E+00    1.1977799324E+00    1.5569549914E+04    2.3000000000E+01    3.0000000000E+00    2.5340000000E+05
    1.1584286401E+02   -1.4016579340E+01    0.0000000000E+00    0.0000000000E+00    1.1977799324E+00    1.3760800646E+04    2.4000000000E+01    3.0000000000E+00    2.5340000000E+05
   -1.3413917200E+00   -3.1817897940E+01    0.0000000000E+00    0.0000000000E+00    1.1977799324E+00    5.4829632476E+03    1.0000000000E+00    4.0000000000E+00    2.5340000000E+05
    9.1489013400E+00   -2.7997494540E+01    0.0000000000E+00    0.0000000000E+00    1.1977799324E+00    6.8624422393E+03    2.0000000000E+00    4.0000000000E+00    2.5340000000E+05
    1.7743498550E+01   -2.4867483350E+01    0.0000000000E+00    0.0000000000E+00    1.1977799324E+00    9.4482921828E+03    3.0000000000E+00    4.0000000000E+00    2.5340000000E+05
    2.4784987760E+01   -2.2303101760E+01    0.0000000000E+00    0.0000000000E+00    1.1977799324E+00    1.2883512817E+04    4.0000000000E+00    4.0000000000E+00    2.5340000000E+05
    3.0554060080E+01   -2.0202127720E+01    0.0000000000E+00    0.0000000000E+00    1.1977799324E+00    1.7395109818E+04    5.0000000000E+00    4.0000000000E+00    2.5340000000E+05
    3.5280679510E+01   -1.8480811930E+01    0.0000000000E+00    0.0000000000E+00    1.1977799324E+00    2.3255248921E+04    6.0000000000E+00    4.0000000000E+00    2.5340000000E+05
    3.9153247660E+01   -1.7070540360E+01    0.0000000000E+00    0.0000000000E+00    1.1977799324E+00    3.0788514396E+04    7.0000000000E+00    4.0000000000E+00    2.5340000000E+05
    4.2326113370E+01   -1.5915099610E+01    0.0000000000E+00    0.0000000000E+00    1.1977799324E+00    4.0381431677E+04    8.0000000000E+00    4.0000000000E+00    2.5340000000E+05
    4.4925726290E+01   -1.4968436220E+01    0.0000000000E+00    0.0000000000E+00    1.1977799324E+00    5.2495058612E+04    9.0000000000E+00    4.0000000000E+00    2.5340000000E+05
    4.7055679380E+01   -1.4192820810E+01    0.0000000000E+00    0.0000000000E+00    1.1977799324E+00    6.1030728075E+04    1.0000000000E+01    4.0000000000E+00    2.5340000000E+05
    4.9245912110E+01   -1.3494964160E+01    0.0000000000E+00    0.0000000000E+00    1.1977799324E+00    6.3812064535E+04    1.1000000000E+01    4.0000000000E+00    2.5340000000E+05
    5.1486408710E+01   -1.2955334700E+01    0.0000000000E+00    0.0000000000E+00    1.1977799324E+00    6.6408322648E+04    1.2000000000E+01    4.0000000000E+00    2.5340000000E+05
    5.3764019790E+01   -1.2577563400E+01    0.0000000000E+00    0.0000000000E+00    1.1977799324E+00    6.8419971530E+04    1.3000000000E+01    4.0000000000E+00    2.5340000000E+05
    5.6065340850E+01   -1.2364190610E+01    0.0000000000E+00    0.0000000000E+00    1.1977799324E+00    6.9681436070E+04    1.4000000000E+01    4.0000000000E+00    2.5340000000E+05
    5.8376803500E+01   -1.2316649350E+01    0.0000000000E+00    0.0000000000E+00    1.1977799324E+00    7.0586531172E+04    1.5000000000E+01    4.0000000000E+00    2.5340000000E+05
    6.0645767600E+01   -1.2359460680E+01    0.0000000000E+00    0.0000000000E+00    1.1977799324E+00    6.3323346934E+04    1.6000000000E+01    4.0000000000E+00    2.5340000000E+05
    6.3472260180E+01   -1.2412793280E+01    0.0000000000E+00    0.0000000000E+00    1.1977799324E+00    5.0604394913E+04    1.7000000000E+01    4.0000000000E+00    2.5340000000E+05
    6.6993298720E+01   -1.2479232650E+01    0.0000000000E+00    0.0000000000E+00    1.1977799324E+00    4.0396389287E+04    1.8000000000E+01    4.0000000000E+00    2.5340000000E+05
    7.1379579410E+01   -1.2562000360E+01    0.0000000000E+00    0.0000000000E+00    1.1977799324E+00    3.2204650656E+04    1.9000000000E+01    4.0000000000E+00    2.5340000000E+05
    7.6843756600E+01   -1.2665109890E+01    0.0000000000E+00    0.0000000000E+00    1.1977799324E+00    2.5632148071E+04    2.0000000000E+01    4.0000000000E+00    2.5340000000E+05
    8.3650757510E+01   -1.2793561370E+01    0.0000000000E+00    0.0000000000E+00    1.1977799324E+00    2.0360259576E+04    2.1000000000E+01    4.0000000000E+00    2.5340000000E+05
    9.2130632620E+01   -1.2953584120E+01    0.0000000000E+00    0.0000000000E+00    1.1977799324E+00    1.6133320914E+04    2.2000000000E+01    4.0000000000E+00    2.5340000000E+05
    1.0269456436E+02   -1.3152938790E+01    0.0000000000E+00    0.0000000000E+00    1.1977799324E+00    1.2746227134E+04    2.3000000000E+01    4.0000000000E+00    2.5340000000E+05
    1.1585479368E+02   -1.3401293890E+01    0.0000000000E+00    0.0000000000E+00    1.1977799324E+00    1.1267548082E+04    2.4000000000E+01    4.0000000000E+00    2.5340000000E+05
   -1.9484990300E+00   -3.0101349610E+01    0.0000000000E+00    0.0000000000E+00    1.1977799324E+00    4.4856217491E+03    1.0000000000E+00    5.0000000000E+00    2.5340000000E+05
    8.6264727800E+00   -2.6485958430E+01    0.0000000000E+00    0.0000000000E+00    1.1977799324E+00    5.6139407719E+03    2.0000000000E+00    5.0000000000E+00    2.5340000000E+05
    1.7292317850E+01   -2.3523274230E+01    0.0000000000E+00    0.0000000000E+00    1.1977799324E+00    7.7283324162E+03    3.0000000000E+00    5.0000000000E+00    2.5340000000E+05
    2.4393725320E+01   -2.1095457340E+01    0.0000000000E+00    0.0000000000E+00    1.1977799324E+00    1.0537109040E+04    4.0000000000E+00    5.0000000000E+00    2.5340000000E+05
    3.0213167820E+01   -1.9105937190E+01    0.0000000000E+00    0.0000000000E+00    1.1977799324E+00    1.4225854031E+04    5.0000000000E+00    5.0000000000E+00    2.5340000000E+05
    3.4982117740E+01   -1.7475577610E+01    0.0000000000E+00    0.0000000000E+00    1.1977799324E+00    1.9017041932E+04    6.0000000000E+00    5.0000000000E+00    2.5340000000E+05
    3.8890251290E+01   -1.6139530400E+01    0.0000000000E+00    0.0000000000E+00    1.1977799324E+00    2.5175936096E+04    7.0000000000E+00    5.0000000000E+00    2.5340000000E+05
    4.2092992540E+01   -1.5044656460E+01    0.0000000000E+00    0.0000000000E+00    1.1977799324E+00    3.3018323171E+04    8.0000000000E+00    5.0000000000E+00    2.5340000000E+05
    4.4717696890E+01   -1.4147412240E+01    0.0000000000E+00    0.0000000000E+00    1.1977799324E+00    4.2920739383E+04    9.0000000000E+00    5.0000000000E+00    2.5340000000E+05
    4.6868719460E+01   -1.3412117490E+01    0.0000000000E+00    0.0000000000E+00    1.1977799324E+00    4.9768228170E+04    1.0000000000E+01    5.0000000000E+00    2.5340000000E+05
    4.9089521780E+01   -1.2750664590E+01    0.0000000000E+00    0.0000000000E+00    1.1977799324E+00    5.1831666137E+04    1.1000000000E+01    5.0000000000E+00    2.5340000000E+05
    5.1357759230E+01   -1.2238528860E+01    0.0000000000E+00    0.0000000000E+00    1.1977799324E+00    5.3862672742E+04    1.2000000000E+01    5.0000000000E+00    2.5340000000E+05
    5.3661025250E+01   -1.1879150670E+01    0.0000000000E+00    0.0000000000E+00    1.1977799324E+00    5.5442105853E+04    1.3000000000E+01    5.0000000000E+00    2.5340000000E+05
    5.5986671240E+01   -1.1674943080E+01    0.0000000000E+00    0.0000000000E+00    1.1977799324E+00    5.6445534897E+04    1.4000000000E+01    5.0000000000E+00    2.5340000000E+05
    5.8321892460E+01   -1.1627276230E+01    0.0000000000E+00    0.0000000000E+00    1.1977799324E+00    5.7405180203E+04    1.5000000000E+01    5.0000000000E+00    2.5340000000E+05
    6.0598429660E+01   -1.1667725950E+01    0.0000000000E+00    0.0000000000E+00    1.1977799324E+00    5.1685249592E+04    1.6000000000E+01    5.0000000000E+00    2.5340000000E+05
    6.3433210150E+01   -1.1718096700E+01    0.0000000000E+00    0.0000000000E+00    1.1977799324E+00    4.1320763261E+04    1.7000000000E+01    5.0000000000E+00    2.5340000000E+05
    6.6963154880E+01   -1.1780821780E+01    0.0000000000E+00    0.0000000000E+00    1.1977799324E+00    3.2998970686E+04    1.8000000000E+01    5.0000000000E+00    2.5340000000E+05
    7.1358775240E+01   -1.1858931950E+01    0.0000000000E+00    0.0000000000E+00    1.1977799324E+00    2.6318136303E+04    1.9000000000E+01    5.0000000000E+00    2.5340000000E+05
    7.6832415470E+01   -1.1956201640E+01    0.0000000000E+00    0.0000000000E+00    1.1977799324E+00    2.0955687107E+04    2.0000000000E+01    5.0000000000E+00    2.5340000000E+05
    8.3648517490E+01   -1.2077331390E+01    0.0000000000E+00    0.0000000000E+00    1.1977799324E+00    1.6652642860E+04    2.1000000000E+01    5.0000000000E+00    2.5340000000E+05
    9.2136404360E+01   -1.2228175150E+01    0.0000000000E+00    0.0000000000E+00    1.1977799324E+00    1.3201106992E+04    2.2000000000E+01    5.0000000000E+00    2.5340000000E+05
    1.0270619947E+02   -1.2416023240E+01    0.0000000000E+00    0.0000000000E+00    1.1977799324E+00    1.0434224054E+04    2.3000000000E+01    5.0000000000E+00    2.5340000000E+05
    1.1586863495E+02   -1.2649954860E+01    0.0000000000E+00    0.0000000000E+00    1.1977799324E+00    9.2260119448E+03    2.4000000000E+01    5.0000000000E+00    2.5340000000E+05
   -2.6440171400E+00   -2.7989633500E+01    0.0000000000E+00    0.0000000000E+00    1.1977799324E+00    3.6684491955E+03    1.0000000000E+00    6.0000000000E+00    2.5340000000E+05
    8.0301409900E+00   -2.4626487800E+01    0.0000000000E+00    0.0000000000E+00    1.1977799324E+00    4.5910724377E+03    2.0000000000E+00    6.0000000000E+00    2.5340000000E+05
    1.6779571680E+01   -2.1869785270E+01    0.0000000000E+00    0.0000000000E+00    1.1977799324E+00    6.3193475311E+03    3.0000000000E+00    6.0000000000E+00    2.5340000000E+05
    2.3951377310E+01   -1.9610166800E+01    0.0000000000E+00    0.0000000000E+00    1.1977799324E+00    8.6151428765E+03    4.0000000000E+00    6.0000000000E+00    2.5340000000E+05
    2.9830081800E+01   -1.7757988250E+01    0.0000000000E+00    0.0000000000E+00    1.1977799324E+00    1.1630161963E+04    5.0000000000E+00    6.0000000000E+00    2.5340000000E+05
    3.4648898760E+01   -1.6239770220E+01    0.0000000000E+00    0.0000000000E+00    1.1977799324E+00    1.5546243959E+04    6.0000000000E+00    6.0000000000E+00    2.5340000000E+05
    3.8598979480E+01   -1.4995284460E+01    0.0000000000E+00    0.0000000000E+00    1.1977799324E+00    2.0580150389E+04    7.0000000000E+00    6.0000000000E+00    2.5340000000E+05
    4.1836995390E+01   -1.3975165280E+01    0.0000000000E+00    0.0000000000E+00    1.1977799324E+00    2.6989836598E+04    8.0000000000E+00    6.0000000000E+00    2.5340000000E+05
    4.4491355150E+01   -1.3138951090E+01    0.0000000000E+00    0.0000000000E+00    1.1977799324E+00    3.5082746402E+04    9.0000000000E+00    6.0000000000E+00    2.5340000000E+05
    4.6667302190E+01   -1.2453478970E+01    0.0000000000E+00    0.0000000000E+00    1.1977799324E+00    4.0586594108E+04    1.0000000000E+01    6.0000000000E+00    2.5340000000E+05
    4.8920542700E+01   -1.1837506060E+01    0.0000000000E+00    0.0000000000E+00    1.1977799324E+00    4.2110509218E+04    1.1000000000E+01    6.0000000000E+00    2.5340000000E+05
    5.1217767060E+01   -1.1359980810E+01    0.0000000000E+00    0.0000000000E+00    1.1977799324E+00    4.3689888588E+04    1.2000000000E+01    6.0000000000E+00    2.5340000000E+05
    5.3547474250E+01   -1.1024107310E+01    0.0000000000E+00    0.0000000000E+00    1.1977799324E+00    4.4922473210E+04    1.3000000000E+01    6.0000000000E+00    2.5340000000E+05
    5.5897937520E+01   -1.0832139080E+01    0.0000000000E+00    0.0000000000E+00    1.1977799324E+00    4.5716018262E+04    1.4000000000E+01    6.0000000000E+00    2.5340000000E+05
    5.8257283820E+01   -1.0785364750E+01    0.0000000000E+00    0.0000000000E+00    1.1977799324E+00    4.6662500150E+04    1.5000000000E+01    6.0000000000E+00    2.5340000000E+05
    6.0542934920E+01   -1.0822920750E+01    0.0000000000E+00    0.0000000000E+00    1.1977799324E+00    4.2152568072E+04    1.6000000000E+01    6.0000000000E+00    2.5340000000E+05
    6.3387668370E+01   -1.0869665670E+01    0.0000000000E+00    0.0000000000E+00    1.1977799324E+00    3.3716637033E+04    1.7000000000E+01    6.0000000000E+00    2.5340000000E+05
    6.6928278510E+01   -1.0927847880E+01    0.0000000000E+00    0.0000000000E+00    1.1977799324E+00    2.6939916129E+04    1.8000000000E+01    6.0000000000E+00    2.5340000000E+05
    7.1335040140E+01   -1.1000266600E+01    0.0000000000E+00    0.0000000000E+00    1.1977799324E+00    2.1496767499E+04    1.9000000000E+01    6.0000000000E+00    2.5340000000E+05
    7.6819904930E+01   -1.1090406260E+01    0.0000000000E+00    0.0000000000E+00    1.1977799324E+00    1.7125585215E+04    2.0000000000E+01    6.0000000000E+00    2.5340000000E+05
    8.3646704750E+01   -1.1202604360E+01    0.0000000000E+00    0.0000000000E+00    1.1977799324E+00    1.3616227973E+04    2.1000000000E+01    6.0000000000E+00    2.5340000000E+05
    9.2143852340E+01   -1.1342260220E+01    0.0000000000E+00    0.0000000000E+00    1.1977799324E+00    1.0799917552E+04    2.2000000000E+01    6.0000000000E+00    2.5340000000E+05
    1.0272015028E+02   -1.1516094970E+01    0.0000000000E+00    0.0000000000E+00    1.1977799324E+00    8.5411239251E+03    2.3000000000E+01    6.0000000000E+00    2.5340000000E+05
    1.1588445383E+02   -1.1732475150E+01    0.0000000000E+00    0.0000000000E+00    1.1977799324E+00    7.5545910624E+03    2.4000000000E+01    6.0000000000E+00    2.5340000000E+05
   -3.4244493700E+00   -2.5389355320E+01    0.0000000000E+00    0.0000000000E+00    1.1977799324E+00    2.9985698016E+03    1.0000000000E+00    7.0000000000E+00    2.5340000000E+05
    7.3651011700E+00   -2.2336822080E+01    0.0000000000E+00    0.0000000000E+00    1.1977799324E+00    3.7526170385E+03    2.0000000000E+00    7.0000000000E+00    2.5340000000E+05
    1.6211961590E+01   -1.9833918240E+01    0.0000000000E+00    0.0000000000E+00    1.1977799324E+00    5.1644580270E+03    3.0000000000E+00    7.0000000000E+00    2.5340000000E+05
    2.3465973270E+01   -1.7781671750E+01    0.0000000000E+00    0.0000000000E+00    1.1977799324E+00    7.0398861226E+03    4.0000000000E+00    7.0000000000E+00    2.5340000000E+05
    2.9413995930E+01   -1.6098927260E+01    0.0000000000E+00    0.0000000000E+00    1.1977799324E+00    9.5028670822E+03    5.0000000000E+00    7.0000000000E+00    2.5340000000E+05
    3.4291232380E+01   -1.4719142240E+01    0.0000000000E+00    0.0000000000E+00    1.1977799324E+00    1.2701978822E+04    6.0000000000E+00    7.0000000000E+00    2.5340000000E+05
    3.8290524370E+01   -1.3587757280E+01    0.0000000000E+00    0.0000000000E+00    1.1977799324E+00    1.6814290977E+04    7.0000000000E+00    7.0000000000E+00    2.5340000000E+05
    4.1569977270E+01   -1.2660039290E+01    0.0000000000E+00    0.0000000000E+00    1.1977799324E+00    2.2050441251E+04    8.0000000000E+00    7.0000000000E+00    2.5340000000E+05
    4.4259214110E+01   -1.1899312610E+01    0.0000000000E+00    0.0000000000E+00    1.1977799324E+00    2.8661350422E+04    9.0000000000E+00    7.0000000000E+00    2.5340000000E+05
    4.6464505540E+01   -1.1275508220E+01    0.0000000000E+00    0.0000000000E+00    1.1977799324E+00    3.3114625384E+04    1.0000000000E+01    7.0000000000E+00    2.5340000000E+05
    4.8749833090E+01   -1.0716465510E+01    0.0000000000E+00    0.0000000000E+00    1.1977799324E+00    3.4259708039E+04    1.1000000000E+01    7.0000000000E+00    2.5340000000E+05
    5.1074933610E+01   -1.0282610490E+01    0.0000000000E+00    0.0000000000E+00    1.1977799324E+00    3.5486016282E+04    1.2000000000E+01    7.0000000000E+00    2.5340000000E+05
    5.3429410000E+01   -9.9768544500E+00    0.0000000000E+00    0.0000000000E+00    1.1977799324E+00    3.6444280611E+04    1.3000000000E+01    7.0000000000E+00    2.5340000000E+05
    5.5802659770E+01   -9.8012510800E+00    0.0000000000E+00    0.0000000000E+00    1.1977799324E+00    3.7066493940E+04    1.4000000000E+01    7.0000000000E+00    2.5340000000E+05
    5.8183946580E+01   -9.7569836600E+00    0.0000000000E+00    0.0000000000E+00    1.1977799324E+00    3.7931668692E+04    1.5000000000E+01    7.0000000000E+00    2.5340000000E+05
    6.0480449870E+01   -9.7909973100E+00    0.0000000000E+00    0.0000000000E+00    1.1977799324E+00    3.4348353428E+04    1.6000000000E+01    7.0000000000E+00    2.5340000000E+05
    6.3336991030E+01   -9.8333085300E+00    0.0000000000E+00    0.0000000000E+00    1.1977799324E+00    2.7491181199E+04    1.7000000000E+01    7.0000000000E+00    2.5340000000E+05
    6.6890192450E+01   -9.8859417600E+00    0.0000000000E+00    0.0000000000E+00    1.1977799324E+00    2.1979368810E+04    1.8000000000E+01    7.0000000000E+00    2.5340000000E+05
    7.1310018090E+01   -9.9514159200E+00    0.0000000000E+00    0.0000000000E+00    1.1977799324E+00    1.7549535850E+04    1.9000000000E+01    7.0000000000E+00    2.5340000000E+05
    7.6807912830E+01   -1.0032864870E+01    0.0000000000E+00    0.0000000000E+00    1.1977799324E+00    1.3989960133E+04    2.0000000000E+01    7.0000000000E+00    2.5340000000E+05
    8.3646928990E+01   -1.0134187500E+01    0.0000000000E+00    0.0000000000E+00    1.1977799324E+00    1.1130464605E+04    2.1000000000E+01    7.0000000000E+00    2.5340000000E+05
    9.2154324430E+01   -1.0260234460E+01    0.0000000000E+00    0.0000000000E+00    1.1977799324E+00    8.8342844619E+03    2.2000000000E+01    7.0000000000E+00    2.5340000000E+05
    1.0273723471E+02   -1.0417040520E+01    0.0000000000E+00    0.0000000000E+00    1.1977799324E+00    6.9915278744E+03    2.3000000000E+01    7.0000000000E+00    2.5340000000E+05
    1.1590215597E+02   -1.0612113640E+01    0.0000000000E+00    0.0000000000E+00    1.1977799324E+00    6.1865745581E+03    2.4000000000E+01    7.0000000000E+00    2.5340000000E+05
   -4.2738442500E+00   -2.2184900350E+01    0.0000000000E+00    0.0000000000E+00    1.1977799324E+00    2.4492012856E+03    1.0000000000E+00    8.0000000000E+00    2.5340000000E+05
    6.6478971600E+00   -1.9515423210E+01    0.0000000000E+00    0.0000000000E+00    1.1977799324E+00    3.0648495284E+03    2.0000000000E+00    8.0000000000E+00    2.5340000000E+05
    1.5606661130E+01   -1.7325743600E+01    0.0000000000E+00    0.0000000000E+00    1.1977799324E+00    4.2169173117E+03    3.0000000000E+00    8.0000000000E+00    2.5340000000E+05
    2.2955320460E+01   -1.5529615580E+01    0.0000000000E+00    0.0000000000E+00    1.1977799324E+00    5.7471628380E+03    4.0000000000E+00    8.0000000000E+00    2.5340000000E+05
    2.8983332170E+01   -1.4056291840E+01    0.0000000000E+00    0.0000000000E+00    1.1977799324E+00    7.7567358070E+03    5.0000000000E+00    8.0000000000E+00    2.5340000000E+05
    3.3928121050E+01   -1.2847741360E+01    0.0000000000E+00    0.0000000000E+00    1.1977799324E+00    1.0366856850E+04    6.0000000000E+00    8.0000000000E+00    2.5340000000E+05
    3.7984425620E+01   -1.1856365270E+01    0.0000000000E+00    0.0000000000E+00    1.1977799324E+00    1.3721955284E+04    7.0000000000E+00    8.0000000000E+00    2.5340000000E+05
    4.1311967090E+01   -1.1043122710E+01    0.0000000000E+00    0.0000000000E+00    1.1977799324E+00    1.7993769004E+04    8.0000000000E+00    8.0000000000E+00    2.5340000000E+05
    4.4041742670E+01   -1.0375992950E+01    0.0000000000E+00    0.0000000000E+00    1.1977799324E+00    2.3386765801E+04    9.0000000000E+00    8.0000000000E+00    2.5340000000E+05
    4.6281190000E+01   -9.8287136300E+00    0.0000000000E+00    0.0000000000E+00    1.1977799324E+00    2.7034586961E+04    1.0000000000E+01    8.0000000000E+00    2.5340000000E+05
    4.8595101130E+01   -9.3407358100E+00    0.0000000000E+00    0.0000000000E+00    1.1977799324E+00    2.7945432809E+04    1.1000000000E+01    8.0000000000E+00    2.5340000000E+05
    5.0943648260E+01   -8.9617716300E+00    0.0000000000E+00    0.0000000000E+00    1.1977799324E+00    2.8907731355E+04    1.2000000000E+01    8.0000000000E+00    2.5340000000E+05
    5.3317779820E+01   -8.6943694800E+00    0.0000000000E+00    0.0000000000E+00    1.1977799324E+00    2.9656809786E+04    1.3000000000E+01    8.0000000000E+00    2.5340000000E+05
    5.5708264180E+01   -8.5403327900E+00    0.0000000000E+00    0.0000000000E+00    1.1977799324E+00    3.0141689026E+04    1.4000000000E+01    8.0000000000E+00    2.5340000000E+05
    5.8105751720E+01   -8.5007089600E+00    0.0000000000E+00    0.0000000000E+00    1.1977799324E+00    3.0864477732E+04    1.5000000000E+01    8.0000000000E+00    2.5340000000E+05
    6.0414966400E+01   -8.5303856400E+00    0.0000000000E+00    0.0000000000E+00    1.1977799324E+00    2.7969716574E+04    1.6000000000E+01    8.0000000000E+00    2.5340000000E+05
    6.3285253050E+01   -8.5672758700E+00    0.0000000000E+00    0.0000000000E+00    1.1977799324E+00    2.2402451589E+04    1.7000000000E+01    8.0000000000E+00    2.5340000000E+05
    6.6852991140E+01   -8.6131333500E+00    0.0000000000E+00    0.0000000000E+00    1.1977799324E+00    1.7924212103E+04    1.8000000000E+01    8.0000000000E+00    2.5340000000E+05
    7.1287723850E+01   -8.6701386800E+00    0.0000000000E+00    0.0000000000E+00    1.1977799324E+00    1.4322442187E+04    1.9000000000E+01    8.0000000000E+00    2.5340000000E+05
    7.6800225540E+01   -8.7410029000E+00    0.0000000000E+00    0.0000000000E+00    1.1977799324E+00    1.1426148584E+04    2.0000000000E+01    8.0000000000E+00    2.5340000000E+05
    8.3652531920E+01   -8.8290965700E+00    0.0000000000E+00    0.0000000000E+00    1.1977799324E+00    9.0977893656E+03    2.1000000000E+01    8.0000000000E+00    2.5340000000E+05
    9.2170409630E+01   -8.9386101600E+00    0.0000000000E+00    0.0000000000E+00    1.1977799324E+00    7.2267455846E+03    2.2000000000E+01    8.0000000000E+00    2.5340000000E+05
    1.0275885745E+02   -9.0747535200E+00    0.0000000000E+00    0.0000000000E+00    1.1977799324E+00    5.7240673867E+03    2.3000000000E+01    8.0000000000E+00    2.5340000000E+05
    1.1592136501E+02   -9.2440038400E+00    0.0000000000E+00    0.0000000000E+00    1.1977799324E+00    5.0674604000E+03    2.4000000000E+01    8.0000000000E+00    2.5340000000E+05
   -5.1551058600E+00   -1.8233912820E+01    0.0000000000E+00    0.0000000000E+00    1.1977799324E+00    1.9988760927E+03    1.0000000000E+00    9.0000000000E+00    2.5340000000E+05
    5.9120680500E+00   -1.6037859170E+01    0.0000000000E+00    0.0000000000E+00    1.1977799324E+00    2.5005883345E+03    2.0000000000E+00    9.0000000000E+00    2.5340000000E+05
    1.4994471660E+01   -1.4235646750E+01    0.0000000000E+00    0.0000000000E+00    1.1977799324E+00    3.4388337637E+03    3.0000000000E+00    9.0000000000E+00    2.5340000000E+05
    2.2448120690E+01   -1.2756632780E+01    0.0000000000E+00    0.0000000000E+00    1.1977799324E+00    4.6846520674E+03    4.0000000000E+00    9.0000000000E+00    2.5340000000E+05
    2.8565187600E+01   -1.1542842250E+01    0.0000000000E+00    0.0000000000E+00    1.1977799324E+00    6.3202377712E+03    5.0000000000E+00    9.0000000000E+00    2.5340000000E+05
    3.3585439280E+01   -1.0546698350E+01    0.0000000000E+00    0.0000000000E+00    1.1977799324E+00    8.4440747460E+03    6.0000000000E+00    9.0000000000E+00    2.5340000000E+05
    3.7705629010E+01   -9.7291588800E+00    0.0000000000E+00    0.0000000000E+00    1.1977799324E+00    1.1173466005E+04    7.0000000000E+00    9.0000000000E+00    2.5340000000E+05
    4.1087207090E+01   -9.0581864300E+00    0.0000000000E+00    0.0000000000E+00    1.1977799324E+00    1.4647833195E+04    8.0000000000E+00    9.0000000000E+00    2.5340000000E+05
    4.3862651590E+01   -8.5074922600E+00    0.0000000000E+00    0.0000000000E+00    1.1977799324E+00    1.9033078109E+04    9.0000000000E+00    9.0000000000E+00    2.5340000000E+05
    4.6140666000E+01   -8.0555052300E+00    0.0000000000E+00    0.0000000000E+00    1.1977799324E+00    2.2065333475E+04    1.0000000000E+01    9.0000000000E+00    2.5340000000E+05
    4.8476822510E+01   -7.6555073200E+00    0.0000000000E+00    0.0000000000E+00    1.1977799324E+00    2.2859453722E+04    1.1000000000E+01    9.0000000000E+00    2.5340000000E+05
    5.0841350160E+01   -7.3448003800E+00    0.0000000000E+00    0.0000000000E+00    1.1977799324E+00    2.3637900140E+04    1.2000000000E+01    9.0000000000E+00    2.5340000000E+05
    5.3226837000E+01   -7.1254835900E+00    0.0000000000E+00    0.0000000000E+00    1.1977799324E+00    2.4238074134E+04    1.3000000000E+01    9.0000000000E+00    2.5340000000E+05
    5.5625722490E+01   -6.9990475800E+00    0.0000000000E+00    0.0000000000E+00    1.1977799324E+00    2.4619732154E+04    1.4000000000E+01    9.0000000000E+00    2.5340000000E+05
    5.8030348200E+01   -6.9663654600E+00    0.0000000000E+00    0.0000000000E+00    1.1977799324E+00    2.5160666109E+04    1.5000000000E+01    9.0000000000E+00    2.5340000000E+05
    6.0354140500E+01   -6.9907111600E+00    0.0000000000E+00    0.0000000000E+00    1.1977799324E+00    2.2765799633E+04    1.6000000000E+01    9.0000000000E+00    2.5340000000E+05
    6.3240039320E+01   -7.0209487600E+00    0.0000000000E+00    0.0000000000E+00    1.1977799324E+00    1.8250205212E+04    1.7000000000E+01    9.0000000000E+00    2.5340000000E+05
    6.6824071790E+01   -7.0585044400E+00    0.0000000000E+00    0.0000000000E+00    1.1977799324E+00    1.4614752121E+04    1.8000000000E+01    9.0000000000E+00    2.5340000000E+05
    7.1275197690E+01   -7.1051500400E+00    0.0000000000E+00    0.0000000000E+00    1.1977799324E+00    1.1688274488E+04    1.9000000000E+01    9.0000000000E+00    2.5340000000E+05
    7.6803285570E+01   -7.1630865600E+00    0.0000000000E+00    0.0000000000E+00    1.1977799324E+00    9.3329551624E+03    2.0000000000E+01    9.0000000000E+00    2.5340000000E+05
    8.3669020900E+01   -7.2350480800E+00    0.0000000000E+00    0.0000000000E+00    1.1977799324E+00    7.4378409249E+03    2.1000000000E+01    9.0000000000E+00    2.5340000000E+05
    9.2196213100E+01   -7.3244309200E+00    0.0000000000E+00    0.0000000000E+00    1.1977799324E+00    5.9136186152E+03    2.2000000000E+01    9.0000000000E+00    2.5340000000E+05
    1.0278708136E+02   -7.4354539500E+00    0.0000000000E+00    0.0000000000E+00    1.1977799324E+00    4.6884070166E+03    2.3000000000E+01    9.0000000000E+00    2.5340000000E+05
    1.1594123145E+02   -7.5733578700E+00    0.0000000000E+00    0.0000000000E+00    1.1977799324E+00    4.1526658756E+03    2.4000000000E+01    9.0000000000E+00    2.5340000000E+05
   -5.9964345900E+00   -1.3362947100E+01    0.0000000000E+00    0.0000000000E+00    1.1977799324E+00    1.6307389079E+03    1.0000000000E+00    1.0000000000E+01    2.5340000000E+05
    5.2161465600E+00   -1.1752812630E+01    0.0000000000E+00    0.0000000000E+00    1.1977799324E+00    2.0386212714E+03    2.0000000000E+00    1.0000000000E+01    2.5340000000E+05
    1.4423253910E+01   -1.0430663410E+01    0.0000000000E+00    0.0000000000E+00    1.1977799324E+00    2.8008232396E+03    3.0000000000E+00    1.0000000000E+01    2.5340000000E+05
    2.1983651180E+01   -9.3449799500E+00    0.0000000000E+00    0.0000000000E+00    1.1977799324E+00    3.8120423807E+03    4.0000000000E+00    1.0000000000E+01    2.5340000000E+05
    2.8191934920E+01   -8.4534576600E+00    0.0000000000E+00    0.0000000000E+00    1.1977799324E+00    5.1386193649E+03    5.0000000000E+00    1.0000000000E+01    2.5340000000E+05
    3.3290003650E+01   -7.7213597500E+00    0.0000000000E+00    0.0000000000E+00    1.1977799324E+00    6.8600066910E+03    6.0000000000E+00    1.0000000000E+01    2.5340000000E+05
    3.7476477340E+01   -7.1201645300E+00    0.0000000000E+00    0.0000000000E+00    1.1977799324E+00    9.0707994477E+03    7.0000000000E+00    1.0000000000E+01    2.5340000000E+05
    4.0914434980E+01   -6.6264542400E+00    0.0000000000E+00    0.0000000000E+00    1.1977799324E+00    1.1883380248E+04    8.0000000000E+00    1.0000000000E+01    2.5340000000E+05
    4.3737770880E+01   -6.2210022000E+00    0.0000000000E+00    0.0000000000E+00    1.1977799324E+00    1.5431412147E+04    9.0000000000E+00    1.0000000000E+01    2.5340000000E+05
    4.6056416230E+01   -5.8880229900E+00    0.0000000000E+00    0.0000000000E+00    1.1977799324E+00    1.7974343750E+04    1.0000000000E+01    1.0000000000E+01    2.5340000000E+05
    4.8408137220E+01   -5.5958914200E+00    0.0000000000E+00    0.0000000000E+00    1.1977799324E+00    1.8720340237E+04    1.1000000000E+01    1.0000000000E+01    2.5340000000E+05
    5.0780590450E+01   -5.3690054800E+00    0.0000000000E+00    0.0000000000E+00    1.1977799324E+00    1.9379535769E+04    1.2000000000E+01    1.0000000000E+01    2.5340000000E+05
    5.3168361700E+01   -5.2089091700E+00    0.0000000000E+00    0.0000000000E+00    1.1977799324E+00    1.9882139685E+04    1.3000000000E+01    1.0000000000E+01    2.5340000000E+05
    5.5565927200E+01   -5.1167032100E+00    0.0000000000E+00    0.0000000000E+00    1.1977799324E+00    2.0193766940E+04    1.4000000000E+01    1.0000000000E+01    2.5340000000E+05
    5.7967690580E+01   -5.0930386100E+00    0.0000000000E+00    0.0000000000E+00    1.1977799324E+00    2.0546050628E+04    1.5000000000E+01    1.0000000000E+01    2.5340000000E+05
    6.0307875150E+01   -5.1107941200E+00    0.0000000000E+00    0.0000000000E+00    1.1977799324E+00    1.8518514136E+04    1.6000000000E+01    1.0000000000E+01    2.5340000000E+05
    6.3211094320E+01   -5.1328239300E+00    0.0000000000E+00    0.0000000000E+00    1.1977799324E+00    1.4860853568E+04    1.7000000000E+01    1.0000000000E+01    2.5340000000E+05
    6.6812864390E+01   -5.1601571200E+00    0.0000000000E+00    0.0000000000E+00    1.1977799324E+00    1.1913049598E+04    1.8000000000E+01    1.0000000000E+01    2.5340000000E+05
    7.1281332250E+01   -5.1940709200E+00    0.0000000000E+00    0.0000000000E+00    1.1977799324E+00    9.5376458920E+03    1.9000000000E+01    1.0000000000E+01    2.5340000000E+05
    7.6825135030E+01   -5.2361502200E+00    0.0000000000E+00    0.0000000000E+00    1.1977799324E+00    7.6238531059E+03    2.0000000000E+01    1.0000000000E+01    2.5340000000E+05
    8.3703152770E+01   -5.2883617100E+00    0.0000000000E+00    0.0000000000E+00    1.1977799324E+00    6.0823853189E+03    2.1000000000E+01    1.0000000000E+01    2.5340000000E+05
    9.2236609220E+01   -5.3531458500E+00    0.0000000000E+00    0.0000000000E+00    1.1977799324E+00    4.8412961870E+03    2.2000000000E+01    1.0000000000E+01    2.5340000000E+05
    1.0282408490E+02   -5.4335309500E+00    0.0000000000E+00    0.0000000000E+00    1.1977799324E+00    3.8426210896E+03    2.3000000000E+01    1.0000000000E+01    2.5340000000E+05
    1.1596013811E+02   -5.5332747900E+00    0.0000000000E+00    0.0000000000E+00    1.1977799324E+00    3.4055325700E+03    2.4000000000E+01    1.0000000000E+01    2.5340000000E+05
   -6.6704928300E+00   -7.3647144600E+00    0.0000000000E+00    0.0000000000E+00    1.1977799324E+00    1.3315790483E+03    1.0000000000E+00    1.1000000000E+01    2.5340000000E+05
    4.6581115200E+00   -6.4783326400E+00    0.0000000000E+00    0.0000000000E+00    1.1977799324E+00    1.6625491510E+03    2.0000000000E+00    1.1000000000E+01    2.5340000000E+05
    1.3967113450E+01   -5.7499635300E+00    0.0000000000E+00    0.0000000000E+00    1.1977799324E+00    2.2804966212E+03    3.0000000000E+00    1.1000000000E+01    2.5340000000E+05
    2.1616603960E+01   -5.1514304700E+00    0.0000000000E+00    0.0000000000E+00    1.1977799324E+00    3.0990861088E+03    4.0000000000E+00    1.1000000000E+01    2.5340000000E+05
    2.7902475700E+01   -4.6595809700E+00    0.0000000000E+00    0.0000000000E+00    1.1977799324E+00    4.1714429237E+03    5.0000000000E+00    1.1000000000E+01    2.5340000000E+05
    3.3067867310E+01   -4.2553912100E+00    0.0000000000E+00    0.0000000000E+00    1.1977799324E+00    5.5611442934E+03    6.0000000000E+00    1.1000000000E+01    2.5340000000E+05
    3.7312563820E+01   -3.9232302900E+00    0.0000000000E+00    0.0000000000E+00    1.1977799324E+00    7.3438435070E+03    7.0000000000E+00    1.1000000000E+01    2.5340000000E+05
    4.0800723150E+01   -3.6502555300E+00    0.0000000000E+00    0.0000000000E+00    1.1977799324E+00    9.6093830647E+03    8.0000000000E+00    1.1000000000E+01    2.5340000000E+05
    4.3667227040E+01   -3.4259153100E+00    0.0000000000E+00    0.0000000000E+00    1.1977799324E+00    1.2464580083E+04    9.0000000000E+00    1.1000000000E+01    2.5340000000E+05
    4.6022901230E+01   -3.2415403800E+00    0.0000000000E+00    0.0000000000E+00    1.1977799324E+00    1.4583037210E+04    1.0000000000E+01    1.1000000000E+01    2.5340000000E+05
    4.8386804760E+01   -3.0809501100E+00    0.0000000000E+00    0.0000000000E+00    1.1977799324E+00    1.5286155811E+04    1.1000000000E+01    1.1000000000E+01    2.5340000000E+05
    5.0762120780E+01   -2.9562725900E+00    0.0000000000E+00    0.0000000000E+00    1.1977799324E+00    1.5866949762E+04    1.2000000000E+01    1.1000000000E+01    2.5340000000E+05
    5.3145870510E+01   -2.8683655600E+00    0.0000000000E+00    0.0000000000E+00    1.1977799324E+00    1.6306640985E+04    1.3000000000E+01    1.1000000000E+01    2.5340000000E+05
    5.5535014160E+01   -2.8178438200E+00    0.0000000000E+00    0.0000000000E+00    1.1977799324E+00    1.6573612377E+04    1.4000000000E+01    1.1000000000E+01    2.5340000000E+05
    5.7926471090E+01   -2.8050758000E+00    0.0000000000E+00    0.0000000000E+00    1.1977799324E+00    1.6759600040E+04    1.5000000000E+01    1.1000000000E+01    2.5340000000E+05
    6.0284896260E+01   -2.8146985600E+00    0.0000000000E+00    0.0000000000E+00    1.1977799324E+00    1.5023145003E+04    1.6000000000E+01    1.1000000000E+01    2.5340000000E+05
    6.3207071230E+01   -2.8266229700E+00    0.0000000000E+00    0.0000000000E+00    1.1977799324E+00    1.2072372419E+04    1.7000000000E+01    1.1000000000E+01    2.5340000000E+05
    6.6827789080E+01   -2.8413995900E+00    0.0000000000E+00    0.0000000000E+00    1.1977799324E+00    9.6912948902E+03    1.8000000000E+01    1.1000000000E+01    2.5340000000E+05
    7.1314080610E+01   -2.8597108000E+00    0.0000000000E+00    0.0000000000E+00    1.1977799324E+00    7.7701530743E+03    1.9000000000E+01    1.1000000000E+01    2.5340000000E+05
    7.6872925810E+01   -2.8824023000E+00    0.0000000000E+00    0.0000000000E+00    1.1977799324E+00    6.2203738057E+03    2.0000000000E+01    1.1000000000E+01    2.5340000000E+05
    8.3760809580E+01   -2.9105221200E+00    0.0000000000E+00    0.0000000000E+00    1.1977799324E+00    4.9704880383E+03    2.1000000000E+01    1.1000000000E+01    2.5340000000E+05
    9.2295561990E+01   -2.9453690500E+00    0.0000000000E+00    0.0000000000E+00    1.1977799324E+00    3.9628353077E+03    2.2000000000E+01    1.1000000000E+01    2.5340000000E+05
    1.0287102821E+02   -2.9885526000E+00    0.0000000000E+00    0.0000000000E+00    1.1977799324E+00    3.1509024770E+03    2.3000000000E+01    1.1000000000E+01    2.5340000000E+05
    1.1597524390E+02   -3.0420673400E+00    0.0000000000E+00    0.0000000000E+00    1.1977799324E+00    2.7957374680E+03    2.4000000000E+01    1.1000000000E+01    2.5340000000E+05
   -6.9630203200E+00    0.0000000000E+00    0.0000000000E+00    0.0000000000E+00    1.1977799324E+00    1.2111158641E+03    1.0000000000E+00    1.2000000000E+01    2.5340000000E+05
    4.4008166800E+00    0.0000000000E+00    0.0000000000E+00    0.0000000000E+00    1.1977799324E+00    1.5109698212E+03    2.0000000000E+00    1.2000000000E+01    2.5340000000E+05
    1.3746858780E+01    0.0000000000E+00    0.0000000000E+00    0.0000000000E+00    1.1977799324E+00    2.0699076738E+03    3.0000000000E+00    1.2000000000E+01    2.5340000000E+05
    2.1433400420E+01    0.0000000000E+00    0.0000000000E+00    0.0000000000E+00    1.1977799324E+00    2.8092149509E+03    4.0000000000E+00    1.2000000000E+01    2.5340000000E+05
    2.7755105560E+01    0.0000000000E+00    0.0000000000E+00    0.0000000000E+00    1.1977799324E+00    3.7762670539E+03    5.0000000000E+00    1.2000000000E+01    2.5340000000E+05
    3.2954317080E+01    0.0000000000E+00    0.0000000000E+00    0.0000000000E+00    1.1977799324E+00    5.0276706378E+03    6.0000000000E+00    1.2000000000E+01    2.5340000000E+05
    3.7230347020E+01    0.0000000000E+00    0.0000000000E+00    0.0000000000E+00    1.1977799324E+00    6.6306981571E+03    7.0000000000E+00    1.2000000000E+01    2.5340000000E+05
    4.0747117210E+01    0.0000000000E+00    0.0000000000E+00    0.0000000000E+00    1.1977799324E+00    8.6651590962E+03    8.0000000000E+00    1.2000000000E+01    2.5340000000E+05
    4.3639443200E+01    0.0000000000E+00    0.0000000000E+00    0.0000000000E+00    1.1977799324E+00    1.1225868085E+04    9.0000000000E+00    1.2000000000E+01    2.5340000000E+05
    4.6018202460E+01    0.0000000000E+00    0.0000000000E+00    0.0000000000E+00    1.1977799324E+00    1.3145123599E+04    1.0000000000E+01    1.2000000000E+01    2.5340000000E+05
    4.8396961720E+01    0.0000000000E+00    0.0000000000E+00    0.0000000000E+00    1.1977799324E+00    1.3830295014E+04    1.1000000000E+01    1.2000000000E+01    2.5340000000E+05
    5.0775720980E+01    0.0000000000E+00    0.0000000000E+00    0.0000000000E+00    1.1977799324E+00    1.4413572408E+04    1.2000000000E+01    1.2000000000E+01    2.5340000000E+05
    5.3154480230E+01    0.0000000000E+00    0.0000000000E+00    0.0000000000E+00    1.1977799324E+00    1.4855306321E+04    1.3000000000E+01    1.2000000000E+01    2.5340000000E+05
    5.5533239490E+01    0.0000000000E+00    0.0000000000E+00    0.0000000000E+00    1.1977799324E+00    1.5121650335E+04    1.4000000000E+01    1.2000000000E+01    2.5340000000E+05
    5.7911998750E+01    0.0000000000E+00    0.0000000000E+00    0.0000000000E+00    1.1977799324E+00    1.5190480394E+04    1.5000000000E+01    1.2000000000E+01    2.5340000000E+05
    6.0290758010E+01    0.0000000000E+00    0.0000000000E+00    0.0000000000E+00    1.1977799324E+00    1.3533700355E+04    1.6000000000E+01    1.2000000000E+01    2.5340000000E+05
    6.3233671320E+01    0.0000000000E+00    0.0000000000E+00    0.0000000000E+00    1.1977799324E+00    1.0893152546E+04    1.7000000000E+01    1.2000000000E+01    2.5340000000E+05
    6.6874535250E+01    0.0000000000E+00    0.0000000000E+00    0.0000000000E+00    1.1977799324E+00    8.7591543008E+03    1.8000000000E+01    1.2000000000E+01    2.5340000000E+05
    7.1378877970E+01    0.0000000000E+00    0.0000000000E+00    0.0000000000E+00    1.1977799324E+00    7.0346970115E+03    1.9000000000E+01    1.2000000000E+01    2.5340000000E+05
    7.6951484820E+01    0.0000000000E+00    0.0000000000E+00    0.0000000000E+00    1.1977799324E+00    5.6413875838E+03    2.0000000000E+01    1.2000000000E+01    2.5340000000E+05
    8.3845708720E+01    0.0000000000E+00    0.0000000000E+00    0.0000000000E+00    1.1977799324E+00    4.5158826862E+03    2.1000000000E+01    1.2000000000E+01    2.5340000000E+05
    9.2374988520E+01    0.0000000000E+00    0.0000000000E+00    0.0000000000E+00    1.1977799324E+00    3.6070059461E+03    2.2000000000E+01    1.2000000000E+01    2.5340000000E+05
    1.0292709926E+02    0.0000000000E+00    0.0000000000E+00    0.0000000000E+00    1.1977799324E+00    2.8734164297E+03    2.3000000000E+01    1.2000000000E+01    2.5340000000E+05
    1.1598178864E+02    0.0000000000E+00    0.0000000000E+00    0.0000000000E+00    1.1977799324E+00    2.5522971505E+03    2.4000000000E+01    1.2000000000E+01    2.5340000000E+05
   -6.6704928300E+00    7.3647144600E+00    0.0000000000E+00    0.0000000000E+00    1.1977799324E+00    1.2111185754E+03    1.0000000000E+00    1.3000000000E+01    2.5340000000E+05
    4.6581115200E+00    6.4783326400E+00    0.0000000000E+00   -0.0000000000E+00    1.1977799324E+00    1.5115640151E+03    2.0000000000E+00    1.3000000000E+01    2.5340000000E+05
    1.3967113450E+01    5.7499635300E+00    0.0000000000E+00   -0.0000000000E+00    1.1977799324E+00    2.0727387024E+03    3.0000000000E+00    1.3000000000E+01    2.5340000000E+05
    2.1616603960E+01    5.1514304700E+00    0.0000000000E+00   -0.0000000000E+00    1.1977799324E+00    2.8160713796E+03    4.0000000000E+00    1.3000000000E+01    2.5340000000E+05
    2.7902475700E+01    4.6595809700E+00    0.0000000000E+00   -0.0000000000E+00    1.1977799324E+00    3.7898574718E+03    5.0000000000E+00    1.3000000000E+01    2.5340000000E+05
    3.3067867310E+01    4.2553912100E+00    0.0000000000E+00   -0.0000000000E+00    1.1977799324E+00    5.0519324475E+03    6.0000000000E+00    1.3000000000E+01    2.5340000000E+05
    3.7312563820E+01    3.9232302900E+00    0.0000000000E+00   -0.0000000000E+00    1.1977799324E+00    6.6711582950E+03    7.0000000000E+00    1.3000000000E+01    2.5340000000E+05
    4.0800723150E+01    3.6502555300E+00    0.0000000000E+00   -0.0000000000E+00    1.1977799324E+00    8.7293508362E+03    8.0000000000E+00    1.3000000000E+01    2.5340000000E+05
    4.3667227040E+01    3.4259153100E+00    0.0000000000E+00   -0.0000000000E+00    1.1977799324E+00    1.1323814012E+04    9.0000000000E+00    1.3000000000E+01    2.5340000000E+05
    4.6022901230E+01    3.2415403800E+00    0.0000000000E+00   -0.0000000000E+00    1.1977799324E+00    1.3249393781E+04    1.0000000000E+01    1.3000000000E+01    2.5340000000E+05
    4.8386804760E+01    3.0809501100E+00    0.0000000000E+00   -0.0000000000E+00    1.1977799324E+00    1.3886451845E+04    1.1000000000E+01    1.3000000000E+01    2.5340000000E+05
    5.0762120780E+01    2.9562725900E+00    0.0000000000E+00   -0.0000000000E+00    1.1977799324E+00    1.4411847979E+04    1.2000000000E+01    1.3000000000E+01    2.5340000000E+05
    5.3145870510E+01    2.8683655600E+00    0.0000000000E+00   -0.0000000000E+00    1.1977799324E+00    1.4808742274E+04    1.3000000000E+01    1.3000000000E+01    2.5340000000E+05
    5.5535014160E+01    2.8178438200E+00    0.0000000000E+00   -0.0000000000E+00    1.1977799324E+00    1.5048513359E+04    1.4000000000E+01    1.3000000000E+01    2.5340000000E+05
    5.7926471090E+01    2.8050758000E+00    0.0000000000E+00   -0.0000000000E+00    1.1977799324E+00    1.5214850260E+04    1.5000000000E+01    1.3000000000E+01    2.5340000000E+05
    6.0284896260E+01    2.8146985600E+00    0.0000000000E+00   -0.0000000000E+00    1.1977799324E+00    1.3638849378E+04    1.6000000000E+01    1.3000000000E+01    2.5340000000E+05
    6.3207071230E+01    2.8266229700E+00    0.0000000000E+00   -0.0000000000E+00    1.1977799324E+00    1.0960799395E+04    1.7000000000E+01    1.3000000000E+01    2.5340000000E+05
    6.6827789080E+01    2.8413995900E+00    0.0000000000E+00   -0.0000000000E+00    1.1977799324E+00    8.7998333645E+03    1.8000000000E+01    1.3000000000E+01    2.5340000000E+05
    7.1314080610E+01    2.8597108000E+00    0.0000000000E+00   -0.0000000000E+00    1.1977799324E+00    7.0563231863E+03    1.9000000000E+01    1.3000000000E+01    2.5340000000E+05
    7.6872925810E+01    2.8824023000E+00    0.0000000000E+00   -0.0000000000E+00    1.1977799324E+00    5.6498699509E+03    2.0000000000E+01    1.3000000000E+01    2.5340000000E+05
    8.3760809580E+01    2.9105221200E+00    0.0000000000E+00   -0.0000000000E+00    1.1977799324E+00    4.5155989289E+03    2.1000000000E+01    1.3000000000E+01    2.5340000000E+05
    9.2295561990E+01    2.9453690500E+00    0.0000000000E+00   -0.0000000000E+00    1.1977799324E+00    3.6011681937E+03    2.2000000000E+01    1.3000000000E+01    2.5340000000E+05
    1.0287102821E+02    2.9885526000E+00    0.0000000000E+00   -0.0000000000E+00    1.1977799324E+00    2.8643531163E+03    2.3000000000E+01    1.3000000000E+01    2.5340000000E+05
    1.1597524390E+02    3.0420673400E+00    0.0000000000E+00    0.0000000000E+00    1.1977799324E+00    2.5426286132E+03    2.4000000000E+01    1.3000000000E+01    2.5340000000E+05
