 TITLE = "Projeto1" 
 VARIABLES = "X" "Y" "u" "v" "q_vel_out" "rho" "p" "e" "mach" 
 ZONE I =           24  J =          13  DATAPACKING = POINT
    8.4500000000E-06   -3.5279003140E+01    6.9524413294E+01    0.0000000000E+00    6.9524413294E+01    1.1734947310E+00    9.8494585698E+04    2.4907259215E+05    2.0281856605E-01
    1.0306326720E+01   -3.1045768330E+01    6.9524414228E+01    2.5360241249E+01    7.4005310687E+01    1.2053147414E+00    1.0269218607E+05    2.6003109062E+05    2.1427939077E-01
    1.8746475060E+01   -2.7579047530E+01    9.2348893640E+01    3.6066634068E+01    9.9141919739E+01    1.1661680933E+00    9.8071292076E+04    2.5090943340E+05    2.8893685091E-01
    2.5658349530E+01   -2.4740052520E+01    1.0531574632E+02    4.1754969944E+01    1.1329114677E+02    1.1520985389E+00    9.6474372488E+04    2.4857945674E+05    3.3088020548E-01
    3.1318677600E+01   -2.2415119790E+01    1.1931451063E+02    4.7399614317E+01    1.2838487404E+02    1.1328754196E+00    9.4260489872E+04    2.4498763386E+05    3.7616299723E-01
    3.5954079200E+01   -2.0511167100E+01    1.3293708381E+02    5.2819255317E+01    1.4304594362E+02    1.1136811889E+00    9.2064444472E+04    2.4155526249E+05    4.2048063817E-01
    3.9750139730E+01   -1.8951966780E+01    1.4735773505E+02    5.8477822180E+01    1.5853692872E+02    1.0910735850E+00    8.9481909333E+04    2.3741627204E+05    4.6787067151E-01
    4.2858840280E+01   -1.7675093850E+01    1.6278772486E+02    6.4342232881E+01    1.7504218434E+02    1.0653287809E+00    8.6567044369E+04    2.3273832336E+05    5.1897237577E-01
    4.5404642460E+01   -1.6629426760E+01    1.8078850177E+02    7.0874684294E+01    1.9418471424E+02    1.0328148308E+00    8.2917701044E+04    2.2676679018E+05    5.7921343786E-01
    4.7489471440E+01   -1.5773100850E+01    2.0506615816E+02    7.6035686201E+01    2.1870883567E+02    9.8717895255E-01    7.7884245660E+04    2.1832075341E+05    6.5807508021E-01
    4.9607350680E+01   -1.5003262190E+01    2.3682618615E+02    7.4191945015E+01    2.4817551682E+02    9.2579110932E-01    7.1211870261E+04    2.0653991610E+05    7.5626712860E-01
    5.1781269800E+01   -1.4409848660E+01    2.6978125752E+02    6.3640718917E+01    2.7718598091E+02    8.5914338933E-01    6.4179686676E+04    1.9345409835E+05    8.5711929871E-01
    5.3996560260E+01   -1.3996868810E+01    3.0047644665E+02    4.7451245616E+01    3.0420012443E+02    7.9280496409E-01    5.7396635116E+04    1.8017376798E+05    9.5551021351E-01
    5.6238272770E+01   -1.3767109600E+01    3.2781318986E+02    2.5908467629E+01    3.2883542410E+02    7.2999595210E-01    5.1175651011E+04    1.6740735736E+05    1.0496466312E+00
    5.8491279600E+01   -1.3722117420E+01    3.4190645508E+02    4.9898455635E+00    3.4194286450E+02    6.9040741834E-01    4.7410302797E+04    1.5888867396E+05    1.1028231847E+00
    6.0744619520E+01   -1.3769711210E+01    3.3965925540E+02   -5.2572015981E+00    3.3969993811E+02    6.9357929203E-01    4.7725066016E+04    1.5933081966E+05    1.0944759934E+00
    6.3553982470E+01   -1.3829049520E+01    3.3639252807E+02   -6.8643034941E+00    3.3646255602E+02    7.0371066062E-01    4.8694616733E+04    1.6156904637E+05    1.0810090036E+00
    6.7056569970E+01   -1.3903029860E+01    3.4114806535E+02   -7.2079415914E+00    3.4122420330E+02    6.9513528989E-01    4.7855586061E+04    1.6010764135E+05    1.0991175930E+00
    7.1423438710E+01   -1.3995265220E+01    3.4961578442E+02   -7.3822690061E+00    3.4969371543E+02    6.7466464312E-01    4.5890329063E+04    1.5597673991E+05    1.1332016522E+00
    7.6867854440E+01   -1.4110260120E+01    3.5904552789E+02   -7.5401177956E+00    3.5912469209E+02    6.5231414717E-01    4.3774997317E+04    1.5150214866E+05    1.1716464567E+00
    8.3655707370E+01   -1.4253630600E+01    3.6734966598E+02   -7.6753824513E+00    3.6742984172E+02    6.3004843025E-01    4.1699554080E+04    1.4677863126E+05    1.2070678129E+00
    9.2118497430E+01   -1.4432378480E+01    3.7537245035E+02   -7.7996309259E+00    3.7545347345E+02    6.1136524776E-01    3.9979763583E+04    1.4304005502E+05    1.2408588198E+00
    1.0266952384E+02   -1.4655233290E+01    3.7939517799E+02   -7.8308496686E+00    3.7947598512E+02    5.9504679661E-01    3.8492605727E+04    1.3907548565E+05    1.2609770556E+00
    1.1582405090E+02   -1.4933078770E+01    3.7939493383E+02   -7.8308416013E+00    3.7947574085E+02    5.9504707599E-01    3.8492630104E+04    1.3907551155E+05    1.2609761407E+00
   -3.7493654000E-01   -3.4351956070E+01    6.9524414228E+01    0.0000000000E+00    6.9524414228E+01    1.1734947304E+00    9.8494585622E+04    2.4907259204E+05    2.0281856880E-01
    9.9825822500E+00   -3.0229171540E+01    6.9524415159E+01    2.5360241581E+01    7.4005311676E+01    1.2053147413E+00    1.0269218607E+05    2.6003109072E+05    2.1427939362E-01
    1.8465667490E+01   -2.6852503770E+01    9.2348894944E+01    3.6066634563E+01    9.9141921133E+01    1.1661680928E+00    9.8071292063E+04    2.5090943353E+05    2.8893685493E-01
    2.5413537970E+01   -2.4086928300E+01    1.0531574795E+02    4.1754970575E+01    1.1329114853E+02    1.1520985382E+00    9.6474372475E+04    2.4857945693E+05    3.3088021053E-01
    3.1104036770E+01   -2.1821850880E+01    1.1931451260E+02    4.7399615088E+01    1.2838487617E+02    1.1328754187E+00    9.4260489866E+04    2.4498763414E+05    3.7616300331E-01
    3.5764723450E+01   -1.9966692010E+01    1.3293708605E+02    5.2819256195E+01    1.4304594602E+02    1.1136811877E+00    9.2064444458E+04    2.4155526282E+05    4.2048064506E-01
    3.9581973480E+01   -1.8447265030E+01    1.4735773764E+02    5.8477823212E+01    1.5853693150E+02    1.0910735838E+00    8.9481909331E+04    2.3741627250E+05    4.6787067946E-01
    4.2708431140E+01   -1.7202809630E+01    1.6278772751E+02    6.4342233939E+01    1.7504218719E+02    1.0653287793E+00    8.6567044343E+04    2.3273832380E+05    5.1897238391E-01
    4.5269114030E+01   -1.6183562030E+01    1.8078850483E+02    7.0874685541E+01    1.9418471755E+02    1.0328148291E+00    8.2917701023E+04    2.2676679076E+05    5.7921344733E-01
    4.7366413090E+01   -1.5348765120E+01    2.0506616118E+02    7.6035687400E+01    2.1870883891E+02    9.8717895003E-01    7.7884245555E+04    2.1832075379E+05    6.5807508959E-01
    4.9504999150E+01   -1.4598047580E+01    2.3682618990E+02    7.4191946282E+01    2.4817552078E+02    9.2579110629E-01    7.1211870107E+04    2.0653991653E+05    7.5626714024E-01
    5.1698067720E+01   -1.4018847730E+01    2.6978126132E+02    6.3640719936E+01    2.7718598484E+02    8.5914338507E-01    6.4179686402E+04    1.9345409844E+05    8.5711931055E-01
    5.3931360230E+01   -1.3615074210E+01    3.0047645158E+02    4.7451246497E+01    3.0420012943E+02    7.9280495905E-01    5.7396634773E+04    1.8017376809E+05    9.5551022907E-01
    5.6190344140E+01   -1.3389449650E+01    3.2781319523E+02    2.5908468161E+01    3.2883542949E+02    7.2999594472E-01    5.1175650453E+04    1.6740735686E+05    1.0496466488E+00
    5.8460312160E+01   -1.3343492330E+01    3.4190646346E+02    4.9898456815E+00    3.4194287289E+02    6.9040740683E-01    4.7410301861E+04    1.5888867293E+05    1.1028232135E+00
    6.0717878330E+01   -1.3389802890E+01    3.3965926570E+02   -5.2572019976E+00    3.3969994841E+02    6.9357927474E-01    4.7725064540E+04    1.5933081740E+05    1.0944760298E+00
    6.3531877740E+01   -1.3447528720E+01    3.3639254290E+02   -6.8643040799E+00    3.3646257086E+02    7.0371063866E-01    4.8694614810E+04    1.6156904383E+05    1.0810090558E+00
    6.7039463590E+01   -1.3519483110E+01    3.4114808407E+02   -7.2079423793E+00    3.4122422203E+02    6.9513525897E-01    4.7855583309E+04    1.6010763711E+05    1.0991176605E+00
    7.1411597120E+01   -1.3609173330E+01    3.4961581611E+02   -7.3822701287E+00    3.4969374714E+02    6.7466459519E-01    4.5890324747E+04    1.5597673367E+05    1.1332017680E+00
    7.6861381490E+01   -1.3720971250E+01    3.5904557611E+02   -7.5401197374E+00    3.5912474034E+02    6.5231406666E-01    4.3774990063E+04    1.5150213663E+05    1.1716466389E+00
    8.3654450210E+01   -1.3860326380E+01    3.6734975578E+02   -7.6753856976E+00    3.6742993157E+02    6.3004829745E-01    4.1699542170E+04    1.4677861332E+05    1.2070681533E+00
    9.2121916200E+01   -1.4034031630E+01    3.7537258813E+02   -7.7996367447E+00    3.7545361132E+02    6.1136503755E-01    3.9979744922E+04    1.4304002519E+05    1.2408593517E+00
    1.0267651289E+02   -1.4250554360E+01    3.7939542175E+02   -7.8308577229E+00    3.7947622900E+02    5.9504651768E-01    3.8492581389E+04    1.3907545979E+05    1.2609779691E+00
    1.1583269561E+02   -1.4520449310E+01    3.7939517799E+02   -7.8308496686E+00    3.7947598512E+02    5.9504679661E-01    3.8492605727E+04    1.3907548565E+05    1.2609770556E+00
   -8.1922002000E-01   -3.3214552130E+01    7.0875976390E+01    0.0000000000E+00    7.0875976390E+01    1.1725474228E+00    9.8383289471E+04    2.4890331340E+05    2.0679478174E-01
    9.5991315900E+00   -2.9227426920E+01    7.0875977184E+01    2.4394534338E+01    7.4956637114E+01    1.1992520417E+00    1.0193395168E+05    2.5820387647E+05    2.1729107021E-01
    1.8133277590E+01   -2.5961397340E+01    9.2376546279E+01    3.4186367892E+01    9.8499411430E+01    1.1655656576E+00    9.7982062412E+04    2.5060939316E+05    2.8712082996E-01
    2.5123991480E+01   -2.3286050360E+01    1.0557554515E+02    4.0075823587E+01    1.1292593754E+02    1.1517361524E+00    9.6416409735E+04    2.4838464801E+05    3.2986080075E-01
    3.0850429370E+01   -2.1094553290E+01    1.1974890209E+02    4.5691394476E+01    1.2816982126E+02    1.1325515094E+00    9.4209348010E+04    2.4482586673E+05    3.7558111190E-01
    3.5541258340E+01   -1.9299394780E+01    1.3352304314E+02    5.1020010584E+01    1.4293860406E+02    1.1132608095E+00    9.2004166977E+04    2.4138318068E+05    4.2022339801E-01
    3.9383786280E+01   -1.7828890980E+01    1.4810156136E+02    5.6505105540E+01    1.5851466629E+02    1.0904988148E+00    8.9406180898E+04    2.3721587927E+05    4.6787976160E-01
    4.2531441210E+01   -1.6624323360E+01    1.6369088350E+02    6.2094619048E+01    1.7507269077E+02    1.0645605538E+00    8.6471325919E+04    2.3249294324E+05    5.1916273845E-01
    4.5109898660E+01   -1.5637593960E+01    1.8142215019E+02    6.7950730279E+01    1.9372996239E+02    1.0326042589E+00    8.2883742020E+04    2.2658684430E+05    5.7791645080E-01
    4.7222101310E+01   -1.4829304830E+01    2.0406981065E+02    7.1737921617E+01    2.1631185131E+02    9.9112742486E-01    7.8297341505E+04    2.1893118475E+05    6.5044044001E-01
    4.9384793640E+01   -1.4102194370E+01    2.3353688321E+02    6.8743690370E+01    2.4344438951E+02    9.3704558550E-01    7.2390313342E+04    2.0874286668E+05    7.4024568337E-01
    5.1600068280E+01   -1.3540614770E+01    2.6513737091E+02    5.8134321345E+01    2.7143585757E+02    8.7652604449E-01    6.5936423881E+04    1.9713115055E+05    8.3641713046E-01
    5.3854166510E+01   -1.3148350710E+01    2.9522089227E+02    4.2489329511E+01    2.9826283435E+02    8.1433301989E-01    5.9490864099E+04    1.8494898546E+05    9.3263349055E-01
    5.6133064010E+01   -1.2928043990E+01    3.2301994322E+02    2.1948322400E+01    3.2376474882E+02    7.5304914803E-01    5.3320900082E+04    1.7277091628E+05    1.0283204400E+00
    5.8422566480E+01   -1.2881175950E+01    3.4023444476E+02    2.1762371644E+00    3.4024140460E+02    7.0759893023E-01    4.8927662813E+04    1.6327647382E+05    1.0935521359E+00
    6.0685277420E+01   -1.2925914190E+01    3.4180749206E+02   -7.0510821610E+00    3.4188021205E+02    6.9998716721E-01    4.8214565261E+04    1.6144439098E+05    1.1009455955E+00
    6.3504918180E+01   -1.2981665290E+01    3.3935701548E+02   -7.6439718628E+00    3.3944309429E+02    7.0542337821E-01    4.8754142010E+04    1.6252536521E+05    1.0912446438E+00
    6.7018581810E+01   -1.3051139870E+01    3.4346859018E+02   -7.2470069375E+00    3.4354503569E+02    6.9626677152E-01    4.7881359549E+04    1.6079121214E+05    1.1071953611E+00
    7.1397111430E+01   -1.3137716350E+01    3.5131156157E+02   -7.0507653414E+00    3.5138230830E+02    6.7552830584E-01    4.5909949957E+04    1.5647845495E+05    1.1391587219E+00
    7.6853409680E+01   -1.3245604970E+01    3.6024638096E+02   -7.1171339050E+00    3.6031667820E+02    6.5294016147E-01    4.3787436883E+04    1.5185358530E+05    1.1759321826E+00
    8.3652794060E+01   -1.3380052480E+01    3.6817910718E+02   -7.2900703307E+00    3.6825127303E+02    6.3048766862E-01    4.1706358924E+04    1.4701579846E+05    1.2100892399E+00
    9.2125901690E+01   -1.3547597450E+01    3.7593681916E+02   -7.4632809616E+00    3.7601089420E+02    6.1167530357E-01    3.9982845046E+04    1.4319772207E+05    1.2429682529E+00
    1.0268477089E+02   -1.3756388210E+01    3.7976414103E+02   -7.5339859654E+00    3.7983886551E+02    5.9526569778E-01    3.8494177713E+04    1.3917718661E+05    1.2623892492E+00
    1.1584286401E+02   -1.4016579340E+01    3.7976392485E+02   -7.5339759509E+00    3.7983864918E+02    5.9526597513E-01    3.8494202078E+04    1.3917721862E+05    1.2623884248E+00
   -1.3413917200E+00   -3.1817897940E+01    7.3567752977E+01    0.0000000000E+00    7.3567752977E+01    1.1706078615E+00    9.8155528805E+04    2.4855661230E+05    2.1471965868E-01
    9.1489013400E+00   -2.7997494540E+01    7.3567753620E+01    2.1929587942E+01    7.6766667246E+01    1.1982521705E+00    1.0176080696E+05    2.5793274002E+05    2.2263452315E-01
    1.7743498550E+01   -2.4867483350E+01    9.3410458838E+01    3.1990751718E+01    9.8736629555E+01    1.1659920294E+00    9.7990771684E+04    2.5066051189E+05    2.8785215311E-01
    2.4784987760E+01   -2.2303101760E+01    1.0631635256E+02    3.8092222247E+01    1.1293442442E+02    1.1520483661E+00    9.6417410863E+04    2.4839024570E+05    3.2992858816E-01
    3.0554060080E+01   -2.0202127720E+01    1.2046022578E+02    4.3580299148E+01    1.2810116498E+02    1.1328849982E+00    9.4217100068E+04    2.4483801973E+05    3.7541974294E-01
    3.5280679510E+01   -1.8480811930E+01    1.3432384633E+02    4.8715668133E+01    1.4288496077E+02    1.1135621111E+00    9.2010801617E+04    2.4139430844E+05    4.2010738667E-01
    3.9153247660E+01   -1.7070540360E+01    1.4903978954E+02    5.3899024481E+01    1.5848647799E+02    1.0907848575E+00    8.9412744204E+04    2.3723100774E+05    4.6784073636E-01
    4.2326113370E+01   -1.5915099610E+01    1.6478910293E+02    5.9013935693E+01    1.7503740471E+02    1.0648881852E+00    8.6483122856E+04    2.3252087879E+05    5.1910255947E-01
    4.4925726290E+01   -1.4968436220E+01    1.8257662258E+02    6.4031232979E+01    1.9347925447E+02    1.0332868303E+00    8.2934417250E+04    2.2667618738E+05    5.7718287329E-01
    4.7055679380E+01   -1.4192820810E+01    2.0449909255E+02    6.7377928541E+01    2.1531294459E+02    9.9293806920E-01    7.8470706761E+04    2.1919290459E+05    6.4731164707E-01
    4.9245912110E+01   -1.3494964160E+01    2.3213487259E+02    6.5585734162E+01    2.4122207113E+02    9.4006405741E-01    7.2711302335E+04    2.0912852070E+05    7.3304525432E-01
    5.1486408710E+01   -1.2955334700E+01    2.6195123908E+02    5.7285198425E+01    2.6814183862E+02    8.8025346200E-01    6.6347286393E+04    1.9751334802E+05    8.2545395664E-01
    5.3764019790E+01   -1.2577563400E+01    2.9072569234E+02    4.4138719969E+01    2.9405723046E+02    8.1848900629E-01    5.9960795281E+04    1.8528921911E+05    9.1820695444E-01
    5.6065340850E+01   -1.2364190610E+01    3.1790676997E+02    2.6112072836E+01    3.1897735772E+02    7.5720811486E-01    5.3796585323E+04    1.7301312176E+05    1.0114073679E+00
    5.8376803500E+01   -1.2316649350E+01    3.3578527631E+02    7.1307595545E+00    3.3586098243E+02    7.1052192156E-01    4.9267849855E+04    1.6324398452E+05    1.0779595697E+00
    6.0645767600E+01   -1.2359460680E+01    3.3876575189E+02   -4.6151905034E+00    3.3879718806E+02    7.0037719530E-01    4.8301507847E+04    1.6094965465E+05    1.0903387161E+00
    6.3472260180E+01   -1.2412793280E+01    3.3749687762E+02   -7.1103147692E+00    3.3757176863E+02    7.0479174249E-01    4.8719495374E+04    1.6195590386E+05    1.0851283605E+00
    6.6993298720E+01   -1.2479232650E+01    3.4232202066E+02   -7.0409070583E+00    3.4239442198E+02    6.9589244889E-01    4.7851975649E+04    1.6042104599E+05    1.1035290963E+00
    7.1379579410E+01   -1.2562000360E+01    3.5068538408E+02   -6.8297829163E+00    3.5075188458E+02    6.7547726191E-01    4.5897567001E+04    1.5629484906E+05    1.1372253453E+00
    7.6843756600E+01   -1.2665109890E+01    3.5999608306E+02   -6.8785963013E+00    3.6006179318E+02    6.5307730958E-01    4.3784144992E+04    1.5179430145E+05    1.1752679231E+00
    8.3650757510E+01   -1.2793561370E+01    3.6817240821E+02   -7.0498522785E+00    3.6823989815E+02    6.3070130854E-01    4.1705762372E+04    1.4702615098E+05    1.2102655121E+00
    9.2130632620E+01   -1.2953584120E+01    3.7606201879E+02   -7.2035607066E+00    3.7613100546E+02    6.1190470699E-01    3.9982133337E+04    1.4323979975E+05    1.2436095043E+00
    1.0269456436E+02   -1.3152938790E+01    3.7994272611E+02   -7.2385005553E+00    3.8001167220E+02    5.9548363617E-01    3.8493299269E+04    1.3922980797E+05    1.2632091600E+00
    1.1585479368E+02   -1.3401293890E+01    3.7994253819E+02   -7.2384887709E+00    3.8001148410E+02    5.9548391162E-01    3.8493323632E+04    1.3922984621E+05    1.2632084271E+00
   -1.9484990300E+00   -3.0101349610E+01    7.6172118166E+01    0.0000000000E+00    7.6172118166E+01    1.1686644133E+00    9.7927463060E+04    2.4820906506E+05    2.2239482262E-01
    8.6264727800E+00   -2.6485958430E+01    7.6172118667E+01    2.0414055366E+01    7.8860163065E+01    1.1924017984E+00    1.0101282728E+05    2.5623979707E+05    2.2899009679E-01
    1.7292317850E+01   -2.3523274230E+01    9.4187133780E+01    2.9646784653E+01    9.8742837766E+01    1.1651442663E+00    9.7849491158E+04    2.5030389242E+05    2.8797325266E-01
    2.4393725320E+01   -2.1095457340E+01    1.0704140057E+02    3.5747048548E+01    1.1285261590E+02    1.1515775814E+00    9.6323498102E+04    2.4814182599E+05    3.2978286776E-01
    3.0213167820E+01   -1.9105937190E+01    1.2122196611E+02    4.1061764977E+01    1.2798763070E+02    1.1326117964E+00    9.4150170747E+04    2.4465198956E+05    3.7517506457E-01
    3.4982117740E+01   -1.7475577610E+01    1.3521047139E+02    4.5988951915E+01    1.4281755940E+02    1.1132256810E+00    9.1939805989E+04    2.4120266652E+05    4.2000784866E-01
    3.8890251290E+01   -1.6139530400E+01    1.5006411637E+02    5.0857667728E+01    1.5844791380E+02    1.0903567359E+00    8.9334281557E+04    2.3702281101E+05    4.6784041749E-01
    4.2092992540E+01   -1.5044656460E+01    1.6589451353E+02    5.5517029613E+01    1.7493750369E+02    1.0644589806E+00    8.6406921005E+04    2.3230519090E+05    5.1893039292E-01
    4.4717696890E+01   -1.4147412240E+01    1.8336257968E+02    5.9743038473E+01    1.9284985422E+02    1.0336315719E+00    8.2944552467E+04    2.2658231131E+05    5.7536606816E-01
    4.6868719460E+01   -1.3412117490E+01    2.0367655445E+02    6.2008831789E+01    2.1290663224E+02    9.9684128263E-01    7.8867121151E+04    2.1976082878E+05    6.3972037920E-01
    4.9089521780E+01   -1.2750664590E+01    2.2887218295E+02    5.9593374361E+01    2.3650337502E+02    9.5029295065E-01    7.3778916376E+04    2.1102406091E+05    7.1735799444E-01
    5.1357759230E+01   -1.2238528860E+01    2.5674570728E+02    5.1595054681E+01    2.6187861287E+02    8.9639383362E-01    6.8000584965E+04    2.0073898978E+05    8.0358000116E-01
    5.3661025250E+01   -1.1879150670E+01    2.8429751793E+02    3.9377270799E+01    2.8701158192E+02    8.3922521229E-01    6.2023937979E+04    1.8962570536E+05    8.9226734181E-01
    5.5986671240E+01   -1.1674943080E+01    3.1101142673E+02    2.2800946523E+01    3.1184610101E+02    7.8058404911E-01    5.6049580317E+04    1.7807906597E+05    9.8355795274E-01
    5.8321892460E+01   -1.1627276230E+01    3.3106340138E+02    5.2315425462E+00    3.3110473383E+02    7.3055366509E-01    5.1122237248E+04    1.6785101821E+05    1.0578461464E+00
    6.0598429660E+01   -1.1667725950E+01    3.3812779593E+02   -6.0272415024E+00    3.3818151047E+02    7.0966457187E-01    4.9112502923E+04    1.6336226698E+05    1.0864665760E+00
    6.3433210150E+01   -1.1718096700E+01    3.3872297106E+02   -8.0405258910E+00    3.3881838968E+02    7.0715842314E-01    4.8878054340E+04    1.6278528724E+05    1.0891917938E+00
    6.6963154880E+01   -1.1780821780E+01    3.4341116185E+02   -7.2015814231E+00    3.4348666474E+02    6.9680991309E-01    4.7885744565E+04    1.6082025436E+05    1.1073882246E+00
    7.1358775240E+01   -1.1858931950E+01    3.5136951538E+02   -6.4772876776E+00    3.5142921277E+02    6.7614908892E-01    4.5919343589E+04    1.5655140756E+05    1.1397175604E+00
    7.6832415470E+01   -1.1956201640E+01    3.6038501694E+02   -6.3566302373E+00    3.6044107310E+02    6.5362270380E-01    4.3801577813E+04    1.5196254566E+05    1.1767628335E+00
    8.3648517490E+01   -1.2077331390E+01    3.6839501553E+02   -6.5407247076E+00    3.6845307510E+02    6.3112699571E-01    4.1716928254E+04    1.4713248538E+05    1.2112126135E+00
    9.2136404360E+01   -1.2228175150E+01    3.7620065003E+02   -6.7343108970E+00    3.7626092015E+02    6.1223421197E-01    3.9987306784E+04    1.4330596361E+05    1.2442934510E+00
    1.0270619947E+02   -1.2416023240E+01    3.8004551775E+02   -6.8046770855E+00    3.8010643140E+02    5.9575444409E-01    3.8495417926E+04    1.3927611371E+05    1.2637766473E+00
    1.1586863495E+02   -1.2649954860E+01    3.8004535194E+02   -6.8046641196E+00    3.8010626539E+02    5.9575471848E-01    3.8495442323E+04    1.3927615692E+05    1.2637759859E+00
   -2.6440171400E+00   -2.7989633500E+01    7.9467312646E+01    0.0000000000E+00    7.9467312646E+01    1.1661115183E+00    9.7628108555E+04    2.4775229986E+05    2.3211708810E-01
    8.0301409900E+00   -2.4626487800E+01    7.9467313050E+01    1.7789076509E+01    8.1434053604E+01    1.1893799565E+00    1.0060052209E+05    2.5544499485E+05    2.3664766635E-01
    1.6779571680E+01   -2.1869785270E+01    9.5670559531E+01    2.6786883358E+01    9.9349851943E+01    1.1650302641E+00    9.7789101134E+04    2.5022240616E+05    2.8981881935E-01
    2.3951377310E+01   -1.9610166800E+01    1.0822257960E+02    3.2891240299E+01    1.1311039043E+02    1.1515375853E+00    9.6274239298E+04    2.4805196139E+05    3.3061495503E-01
    2.9830081800E+01   -1.7757988250E+01    1.2229573161E+02    3.7967080873E+01    1.2805368093E+02    1.1327586792E+00    9.4126415404E+04    2.4460338261E+05    3.7544038652E-01
    3.4648898760E+01   -1.6239770220E+01    1.3635488943E+02    4.2588410274E+01    1.4285107126E+02    1.1133550137E+00    9.1916691963E+04    2.4115152968E+05    4.2018362682E-01
    3.8598979480E+01   -1.4995284460E+01    1.5131330493E+02    4.7021055216E+01    1.5845092579E+02    1.0904978052E+00    8.9314541893E+04    2.3697575311E+05    4.6793127562E-01
    4.1836995390E+01   -1.3975165280E+01    1.6718913601E+02    5.1092367545E+01    1.7482172983E+02    1.0647458758E+00    8.6404951845E+04    2.3228310058E+05    5.1866275478E-01
    4.4491355150E+01   -1.3138951090E+01    1.8444216165E+02    5.4467312246E+01    1.9231640361E+02    1.0345880797E+00    8.3016761943E+04    2.2667433483E+05    5.7379023282E-01
    4.6667302190E+01   -1.2453478970E+01    2.0371878064E+02    5.6154519002E+01    2.1131651991E+02    9.9962474124E-01    7.9140773564E+04    2.2017089118E+05    6.3472818692E-01
    4.8920542700E+01   -1.1837506060E+01    2.2706689826E+02    5.4501504351E+01    2.3351614561E+02    9.5547457048E-01    7.4317347495E+04    2.1184428270E+05    7.0764812776E-01
    5.1217767060E+01   -1.1359980810E+01    2.5301841397E+02    4.8423299786E+01    2.5761043024E+02    9.0350048957E-01    6.8747870257E+04    2.0184923757E+05    7.8928526817E-01
    5.3547474250E+01   -1.1024107310E+01    2.7908341693E+02    3.8642512697E+01    2.8174598026E+02    8.4793020253E-01    6.2930752097E+04    1.9098156805E+05    8.7406212565E-01
    5.5897937520E+01   -1.0832139080E+01    3.0480066603E+02    2.4857259167E+01    3.0581257225E+02    7.9017354076E-01    5.7039762823E+04    1.7954844703E+05    9.6197481893E-01
    5.8257283820E+01   -1.0785364750E+01    3.2549169077E+02    9.3765505662E+00    3.2562671952E+02    7.3893560277E-01    5.1962831384E+04    1.6908276934E+05    1.0377981890E+00
    6.0542934920E+01   -1.0822920750E+01    3.3473159760E+02   -3.0422436373E+00    3.3474542219E+02    7.1311324081E-01    4.9464515746E+04    1.6361506236E+05    1.0741946820E+00
    6.3387668370E+01   -1.0869665670E+01    3.3710837165E+02   -7.0896035657E+00    3.3718291285E+02    7.0683819409E-01    4.8853599971E+04    1.6231503584E+05    1.0839600058E+00
    6.6928278510E+01   -1.0927847880E+01    3.4243794890E+02   -6.7783725083E+00    3.4250502943E+02    6.9602971823E-01    4.7805927094E+04    1.6034033478E+05    1.1045260279E+00
    7.1335040140E+01   -1.1000266600E+01    3.5065814425E+02   -6.0275039673E+00    3.5070994416E+02    6.7585244815E-01    4.5878540911E+04    1.5626042117E+05    1.1376409315E+00
    7.6819904930E+01   -1.1090406260E+01    3.5987889820E+02   -5.8912394122E+00    3.5992711494E+02    6.5369117238E-01    4.3790799574E+04    1.5181903669E+05    1.1752910258E+00
    8.3646704750E+01   -1.1202604360E+01    3.6807199253E+02   -6.1009020048E+00    3.6812255118E+02    6.3132781966E-01    4.1716094073E+04    1.4706718140E+05    1.2103307013E+00
    9.2143852340E+01   -1.1342260220E+01    3.7600849275E+02   -6.2944669538E+00    3.7606117446E+02    6.1244836830E-01    3.9986740582E+04    1.4327369015E+05    1.2438591882E+00
    1.0272015028E+02   -1.1516094970E+01    3.7994384721E+02   -6.3390659997E+00    3.7999672471E+02    5.9596726385E-01    3.8494678922E+04    1.3926479201E+05    1.2636496666E+00
    1.1588445383E+02   -1.1732475150E+01    3.7994369743E+02   -6.3390521401E+00    3.7999657472E+02    5.9596753741E-01    3.8494703324E+04    1.3926483880E+05    1.2636490573E+00
   -3.4244493700E+00   -2.5389355320E+01    8.2759167321E+01    0.0000000000E+00    8.2759167321E+01    1.1634568345E+00    9.7317096121E+04    2.4727704464E+05    2.4184252104E-01
    7.3651011700E+00   -2.2336822080E+01    8.2759167654E+01    1.5584823958E+01    8.4213814595E+01    1.1835257355E+00    9.9860610972E+04    2.5384828990E+05    2.4502537671E-01
    1.6211961590E+01   -1.9833918240E+01    9.7089703231E+01    2.3727106672E+01    9.9946916234E+01    1.1635585938E+00    9.7574738963E+04    2.4974846541E+05    2.9169622660E-01
    2.3465973270E+01   -1.7781671750E+01    1.0943159597E+02    2.9540536545E+01    1.1334865458E+02    1.1505661014E+00    9.6120383743E+04    2.4769214853E+05    3.3143654336E-01
    2.9413995930E+01   -1.6098927260E+01    1.2342914879E+02    3.4254594457E+01    1.2809423099E+02    1.1321844569E+00    9.4022894992E+04    2.4434575350E+05    3.7567071165E-01
    3.4291232380E+01   -1.4719142240E+01    1.3758649075E+02    3.8494985321E+01    1.4287024299E+02    1.1127808334E+00    9.1816440722E+04    2.4089809087E+05    4.2036094265E-01
    3.8290524370E+01   -1.3587757280E+01    1.5263299535E+02    4.2438040004E+01    1.5842291031E+02    1.0899298145E+00    8.9218017185E+04    2.3672247330E+05    4.6797963264E-01
    4.1569977270E+01   -1.2660039290E+01    1.6846439000E+02    4.5896528856E+01    1.7460453047E+02    1.0643871247E+00    8.6334393186E+04    2.3206083083E+05    5.1814269080E-01
    4.4259214110E+01   -1.1899312610E+01    1.8527550674E+02    4.8473418132E+01    1.9151158102E+02    1.0352037572E+00    8.3055494152E+04    2.2662265678E+05    5.7142568860E-01
    4.6464505540E+01   -1.1275508220E+01    2.0310595282E+02    4.9414366847E+01    2.0903063824E+02    1.0031023150E+00    7.9493466159E+04    2.2064834524E+05    6.2755649412E-01
    4.8749833090E+01   -1.0716465510E+01    2.2424422045E+02    4.7578585869E+01    2.2923610588E+02    9.6393876111E-01    7.5203168796E+04    2.1333502362E+05    6.9362646683E-01
    5.1074933610E+01   -1.0282610490E+01    2.4804222294E+02    4.2094149311E+01    2.5158867576E+02    9.1729280493E-01    7.0179107359E+04    2.0447864634E+05    7.6873586778E-01
    5.3429410000E+01   -9.9768544500E+00    2.7250124176E+02    3.3557909040E+01    2.7455975674E+02    8.6649753327E-01    6.4814065581E+04    1.9469478173E+05    8.4844148767E-01
    5.5802659770E+01   -9.8012510800E+00    2.9706464190E+02    2.1624525846E+01    2.9785066994E+02    8.1234726506E-01    5.9235363180E+04    1.8412211053E+05    9.3221244619E-01
    5.8183946580E+01   -9.7569836600E+00    3.1858597144E+02    8.1249989196E+00    3.1868956181E+02    7.6095038024E-01    5.4072635175E+04    1.7382380368E+05    1.0103997333E+00
    6.0480449870E+01   -9.7909973100E+00    3.3161823334E+02   -3.5939905495E+00    3.3163770813E+02    7.2650210252E-01    5.0703853064E+04    1.6671127989E+05    1.0609571488E+00
    6.3336991030E+01   -9.8333085300E+00    3.3713860672E+02   -7.7775315789E+00    3.3722830566E+02    7.1093799936E-01    4.9198263486E+04    1.6342063493E+05    1.0834303057E+00
    6.6890192450E+01   -9.8859417600E+00    3.4315793399E+02   -6.9686083691E+00    3.4322868348E+02    6.9688796618E-01    4.7847069616E+04    1.6066644123E+05    1.1070656277E+00
    7.1310018090E+01   -9.9514159200E+00    3.5112858036E+02   -5.6281880127E+00    3.5117368416E+02    6.7631437486E-01    4.5889400784E+04    1.5642604606E+05    1.1393995976E+00
    7.6807912830E+01   -1.0032864870E+01    3.6005774475E+02   -5.2370744349E+00    3.6009582961E+02    6.5419730497E-01    4.3810765081E+04    1.5194147000E+05    1.1760289978E+00
    8.3646928990E+01   -1.0134187500E+01    3.6809425293E+02   -5.4233939744E+00    3.6813420412E+02    6.3177029469E-01    4.1733403486E+04    1.4714314591E+05    1.2105419709E+00
    9.2154324430E+01   -1.0260234460E+01    3.7595806630E+02   -5.6409998963E+00    3.7600038364E+02    6.1277196919E-01    3.9995207297E+04    1.4330373159E+05    1.2438549518E+00
    1.0273723471E+02   -1.0417040520E+01    3.7986066113E+02   -5.7089392319E+00    3.7990355864E+02    5.9621400589E-01    3.8497747438E+04    1.3926917271E+05    1.2635509871E+00
    1.1590215597E+02   -1.0612113640E+01    3.7986052281E+02   -5.7089252241E+00    3.7990342012E+02    5.9621427922E-01    3.8497771865E+04    1.3926922213E+05    1.2635504151E+00
   -4.2738442500E+00   -2.2184900350E+01    8.6271112263E+01    0.0000000000E+00    8.6271112263E+01    1.1605101389E+00    9.6972204988E+04    2.4674917967E+05    2.5223317901E-01
    6.6478971600E+00   -1.9515423210E+01    8.6271112551E+01    1.2723161222E+01    8.7204264186E+01    1.1790510537E+00    9.9289991655E+04    2.5270807534E+05    2.5397283823E-01
    1.5606661130E+01   -1.7325743600E+01    9.8919588260E+01    2.0062157688E+01    1.0093351828E+02    1.1624432922E+00    9.7404086695E+04    2.4943145591E+05    2.9469223508E-01
    2.2955320460E+01   -1.5529615580E+01    1.1095126469E+02    2.5457917466E+01    1.1383447939E+02    1.1497823795E+00    9.5989990302E+04    2.4742458176E+05    3.3296965669E-01
    2.8983332170E+01   -1.4056291840E+01    1.2478858948E+02    2.9712813763E+01    1.2827721296E+02    1.1317830066E+00    9.3941129878E+04    2.4416459392E+05    3.7630430996E-01
    3.3928121050E+01   -1.2847741360E+01    1.3900463356E+02    3.3459512194E+01    1.4297491776E+02    1.1123922591E+00    9.1739313919E+04    2.4071794991E+05    4.2077223289E-01
    3.7984425620E+01   -1.1856365270E+01    1.5409854916E+02    3.6806951405E+01    1.5843331255E+02    1.0895965286E+00    8.9149944667E+04    2.3654990529E+05    4.6811741834E-01
    4.1311967090E+01   -1.1043122710E+01    1.6984670830E+02    3.9586545889E+01    1.7439896483E+02    1.0643256447E+00    8.6298765149E+04    2.3193264455E+05    5.1762453993E-01
    4.4041742670E+01   -1.0375992950E+01    1.8622087182E+02    4.1417673834E+01    1.9077116346E+02    1.0359909726E+00    8.3115626229E+04    2.2664080517E+05    5.6922682133E-01
    4.6281190000E+01   -9.8287136300E+00    2.0297112759E+02    4.1891334886E+01    2.0724903516E+02    1.0058078580E+00    7.9765633221E+04    2.2101489437E+05    6.2198241042E-01
    4.8595101130E+01   -9.3407358100E+00    2.2243248750E+02    4.0502926653E+01    2.2609002314E+02    9.6933395482E-01    7.5768259018E+04    2.1419522333E+05    6.8345580926E-01
    5.0943648260E+01   -8.9617716300E+00    2.4438287272E+02    3.6469021484E+01    2.4708900827E+02    9.2542716987E-01    7.1033675894E+04    2.0583423206E+05    7.5375184242E-01
    5.3317779820E+01   -8.6943694800E+00    2.6722056165E+02    3.0106389787E+01    2.6891118102E+02    8.7716103723E-01    6.5921355078E+04    1.9651855866E+05    8.2903228837E-01
    5.5708264180E+01   -8.5403327900E+00    2.9051164748E+02    2.0927653461E+01    2.9126445715E+02    8.2506356555E-01    6.0534253640E+04    1.8633276129E+05    9.0879636624E-01
    5.8105751720E+01   -8.5007089600E+00    3.1195373418E+02    1.0327277508E+01    3.1212463044E+02    7.7395245013E-01    5.5367199611E+04    1.7611791360E+05    9.8626786726E-01
    6.0414966400E+01   -8.5303856400E+00    3.2728024941E+02   -4.9503845093E-01    3.2728062380E+02    7.3462529119E-01    5.1493955975E+04    1.6807870489E+05    1.0447468868E+00
    6.3285253050E+01   -8.5672758700E+00    3.3554622084E+02   -6.1420379071E+00    3.3560242989E+02    7.1218656203E-01    4.9313081348E+04    1.6338913030E+05    1.0778960886E+00
    6.6852991140E+01   -8.6131333500E+00    3.4264761308E+02   -6.1738047067E+00    3.4270322819E+02    6.9558496728E-01    4.7710968678E+04    1.6012408474E+05    1.1059109401E+00
    7.1287723850E+01   -8.6701386800E+00    3.5069624918E+02   -4.8929681090E+00    3.5073038124E+02    6.7543012730E-01    4.5791015667E+04    1.5602047714E+05    1.1384381617E+00
    7.6800225540E+01   -8.7410029000E+00    3.5960603104E+02   -4.4873741615E+00    3.5963402799E+02    6.5405568186E-01    4.3781132447E+04    1.5174951132E+05    1.1747910395E+00
    8.3652531920E+01   -8.8290965700E+00    3.6772870322E+02   -4.7120607535E+00    3.6775889206E+02    6.3192296476E-01    4.1730634747E+04    1.4705930394E+05    1.2094940560E+00
    9.2170409630E+01   -8.9386101600E+00    3.7569336367E+02   -4.9433362279E+00    3.7572588423E+02    6.1294634625E-01    3.9994573619E+04    1.4325123353E+05    1.2431335632E+00
    1.0275885745E+02   -9.0747535200E+00    3.7966750607E+02   -4.9954899818E+00    3.7970036883E+02    5.9638129118E-01    3.8496960050E+04    1.3923325224E+05    1.2630652547E+00
    1.1592136501E+02   -9.2440038400E+00    3.7966737608E+02   -4.9954764253E+00    3.7970023867E+02    5.9638156424E-01    3.8496984477E+04    1.3923330351E+05    1.2630647102E+00
   -5.1551058600E+00   -1.8233912820E+01    8.9621568894E+01    0.0000000000E+00    8.9621568894E+01    1.1575892428E+00    9.6630679051E+04    2.4622559085E+05    2.6216109956E-01
    5.9120680500E+00   -1.6037859170E+01    8.9621569151E+01    9.9386070520E+00    9.0170957448E+01    1.1735730165E+00    9.8610835453E+04    2.5129813329E+05    2.6290291521E-01
    1.4994471660E+01   -1.4235646750E+01    1.0073529366E+02    1.6044259837E+01    1.0200498841E+02    1.1602171883E+00    9.7110657093E+04    2.4881268290E+05    2.9798444501E-01
    2.2448120690E+01   -1.2756632780E+01    1.1245858074E+02    2.0655560695E+01    1.1433977685E+02    1.1480790903E+00    9.5760132791E+04    2.4690508652E+05    3.3460070855E-01
    2.8565187600E+01   -1.1542842250E+01    1.2613428444E+02    2.4242157664E+01    1.2844274958E+02    1.1305727687E+00    9.3774095645E+04    2.4376107381E+05    3.7692365536E-01
    3.3585439280E+01   -1.0546698350E+01    1.4040487584E+02    2.7348949860E+01    1.4304367941E+02    1.1112197127E+00    9.1581098701E+04    2.4032135462E+05    4.2111595748E-01
    3.7705629010E+01   -9.7291588800E+00    1.5551068882E+02    3.0018619100E+01    1.5838147566E+02    1.0885010332E+00    8.9004650233E+04    2.3616398207E+05    4.6811056288E-01
    4.1087207090E+01   -9.0581864300E+00    1.7110277833E+02    3.2107324748E+01    1.7408917559E+02    1.0635605921E+00    8.6193586315E+04    2.3160065305E+05    5.1683437819E-01
    4.3862651590E+01   -8.5074922600E+00    1.8694466669E+02    3.3288885727E+01    1.8988538205E+02    1.0361960160E+00    8.3121173774E+04    2.2648371366E+05    5.6662096613E-01
    4.6140666000E+01   -8.0555052300E+00    2.0258118418E+02    3.3379940324E+01    2.0531282619E+02    1.0080892968E+00    8.0000240526E+04    2.2124777512E+05    6.1596483442E-01
    4.8476822510E+01   -7.6555073200E+00    2.2032741432E+02    3.2112326753E+01    2.2265527398E+02    9.7502089330E-01    7.6371093896E+04    2.1509624601E+05    6.7237479395E-01
    5.0841350160E+01   -7.3448003800E+00    2.4038911676E+02    2.8859184293E+01    2.4211522045E+02    9.3533312925E-01    7.2075965311E+04    2.0760442440E+05    7.3713324581E-01
    5.3226837000E+01   -7.1254835900E+00    2.6149345338E+02    2.3902772983E+01    2.6258364137E+02    8.9132776525E-01    6.7388666609E+04    1.9920026642E+05    8.0710295010E-01
    5.5625722490E+01   -6.9990475800E+00    2.8341394779E+02    1.6801435771E+01    2.8391152503E+02    8.4311214406E-01    6.2362260462E+04    1.8988549621E+05    8.8226845736E-01
    5.8030348200E+01   -6.9663654600E+00    3.0433305551E+02    8.6409302780E+00    3.0445570179E+02    7.9424503391E-01    5.7373659981E+04    1.8024473637E+05    9.5737276881E-01
    6.0354140500E+01   -6.9907111600E+00    3.2200399675E+02   -3.3215685539E-01    3.2200416806E+02    7.5088042362E-01    5.3056043661E+04    1.7156825985E+05    1.0238007313E+00
    6.3240039320E+01   -7.0209487600E+00    3.3402633813E+02   -5.8675219480E+00    3.3407786874E+02    7.1896918109E-01    4.9941280739E+04    1.6497456608E+05    1.0712947782E+00
    6.6824071790E+01   -7.0585044400E+00    3.4296623786E+02   -5.9504866385E+00    3.4301785464E+02    6.9658227383E-01    4.7784060742E+04    1.6044052190E+05    1.1068719732E+00
    7.1275197690E+01   -7.1051500400E+00    3.5108796545E+02   -4.3208318083E+00    3.5111455263E+02    6.7538071362E-01    4.5768132014E+04    1.5605127981E+05    1.1399283266E+00
    7.6803285570E+01   -7.1630865600E+00    3.5969199250E+02   -3.6465358360E+00    3.5971047620E+02    6.5434799441E-01    4.3792478042E+04    1.5181477081E+05    1.1751510580E+00
    8.3669020900E+01   -7.2350480800E+00    3.6766586501E+02   -3.7917110952E+00    3.6768541631E+02    6.3232500060E-01    4.1753260332E+04    1.4712597032E+05    1.2093092272E+00
    9.2196213100E+01   -7.3244309200E+00    3.7558833998E+02   -4.0131145071E+00    3.7560977918E+02    6.1322901196E-01    4.0006977444E+04    1.4327544788E+05    1.2428432241E+00
    1.0278708136E+02   -7.4354539500E+00    3.7954124169E+02   -4.0734771255E+00    3.7956310062E+02    5.9656890882E-01    3.8501398209E+04    1.3922678426E+05    1.2627344379E+00
    1.1594123145E+02   -7.5733578700E+00    3.7954111777E+02   -4.0734650518E+00    3.7956297658E+02    5.9656918177E-01    3.8501422638E+04    1.3922683690E+05    1.2627339135E+00
   -5.9964345900E+00   -1.3362947100E+01    9.2575655329E+01    0.0000000000E+00    9.2575655329E+01    1.1549254479E+00    9.6319515049E+04    2.4574778866E+05    2.7092720019E-01
    5.2161465600E+00   -1.1752812630E+01    9.2575655566E+01    6.8229068274E+00    9.2826742165E+01    1.1691847624E+00    9.8069049724E+04    2.5020994231E+05    2.7088482767E-01
    1.4423253910E+01   -1.0430663410E+01    1.0250815721E+02    1.1390299607E+01    1.0313903829E+02    1.1582497023E+00    9.6854236248E+04    2.4829612459E+05    3.0143997696E-01
    2.1983651180E+01   -9.3449799500E+00    1.1393248881E+02    1.4914984377E+01    1.1490460724E+02    1.1465385338E+00    9.5556155150E+04    2.4645930143E+05    3.3638639219E-01
    2.8191934920E+01   -8.4534576600E+00    1.2743576959E+02    1.7629582731E+01    1.2864943668E+02    1.1294559735E+00    9.3624992506E+04    2.4340911208E+05    3.7764403251E-01
    3.3290003650E+01   -7.7213597500E+00    1.4172998030E+02    1.9930097678E+01    1.4312440780E+02    1.1101302741E+00    9.1439823873E+04    2.3996984483E+05    4.2147223248E-01
    3.7476477340E+01   -7.1201645300E+00    1.5680771735E+02    2.1824902363E+01    1.5831925525E+02    1.0874941187E+00    8.8876989909E+04    2.3582148752E+05    4.6804596990E-01
    4.0914434980E+01   -6.6264542400E+00    1.7222297135E+02    2.3216028053E+01    1.7378071187E+02    1.0628694123E+00    8.6104311849E+04    2.3130996735E+05    5.1601824628E-01
    4.3737770880E+01   -6.2210022000E+00    1.8757848717E+02    2.3884676526E+01    1.8909301050E+02    1.0362822579E+00    8.3121409203E+04    2.2633026355E+05    5.6427919873E-01
    4.6056416230E+01   -5.8880229900E+00    2.0239226527E+02    2.3796903202E+01    2.0378646089E+02    1.0096188061E+00    8.0160397220E+04    2.2136518319E+05    6.1123764631E-01
    4.8408137220E+01   -5.5958914200E+00    2.1890297543E+02    2.2904075458E+01    2.2009795394E+02    9.7862319742E-01    7.6757900696E+04    2.1559852701E+05    6.6419896776E-01
    5.0780590450E+01   -5.3690054800E+00    2.3756509801E+02    2.0783372257E+01    2.3847248134E+02    9.4145200173E-01    7.2727878058E+04    2.0858947063E+05    7.2514170950E-01
    5.3168361700E+01   -5.2089091700E+00    2.5725580799E+02    1.7634869301E+01    2.5785953417E+02    8.9996565799E-01    6.8298996807E+04    2.0066754300E+05    7.9108833794E-01
    5.5565927200E+01   -5.1167032100E+00    2.7803817585E+02    1.3035749019E+01    2.7834359699E+02    8.5414434804E-01    6.3500224059E+04    1.9183804430E+05    8.6277037502E-01
    5.7967690580E+01   -5.0930386100E+00    2.9824293152E+02    7.7352653046E+00    2.9834322605E+02    8.0684868862E-01    5.8647445546E+04    1.8252688245E+05    9.3524126811E-01
    6.0307875150E+01   -5.1107941200E+00    3.1713839813E+02    1.4241137461E+00    3.1714159561E+02    7.6144365221E-01    5.4095016354E+04    1.7353008212E+05    1.0056096821E+00
    6.3211094320E+01   -5.1328239300E+00    3.3207386486E+02   -3.5715781683E+00    3.3209307113E+02    7.2263288102E-01    5.0290261101E+04    1.6557372830E+05    1.0639291568E+00
    6.6812864390E+01   -5.1601571200E+00    3.4280839001E+02   -4.3656019098E+00    3.4283618645E+02    6.9525460885E-01    4.7649688238E+04    1.5998316966E+05    1.1067882611E+00
    7.1281332250E+01   -5.1940709200E+00    3.5107210577E+02   -3.1575098203E+00    3.5108630466E+02    6.7363223329E-01    4.5594489057E+04    1.5550271384E+05    1.1405258267E+00
    7.6825135030E+01   -5.2361502200E+00    3.5942380646E+02   -2.5800124805E+00    3.5943306625E+02    6.5371732424E-01    4.3724620270E+04    1.5153911715E+05    1.1745891475E+00
    8.3703152770E+01   -5.2883617100E+00    3.6735864661E+02   -2.7350634482E+00    3.6736882803E+02    6.3229178975E-01    4.1741128595E+04    1.4701982587E+05    1.2084118142E+00
    9.2236609220E+01   -5.3531458500E+00    3.7535073885E+02   -2.9440886160E+00    3.7536228475E+02    6.1329163461E-01    4.0003918925E+04    1.4321522545E+05    1.2421351948E+00
    1.0282408490E+02   -5.4335309500E+00    3.7936681597E+02   -2.9916317044E+00    3.7937861158E+02    5.9664578078E-01    3.8499867287E+04    1.3918672424E+05    1.2622270867E+00
    1.1596013811E+02   -5.5332747900E+00    3.7936669653E+02   -2.9916221588E+00    3.7937849206E+02    5.9664605346E-01    3.8499891697E+04    1.3918677784E+05    1.2622265773E+00
   -6.6704928300E+00   -7.3647144600E+00    9.4742097759E+01    0.0000000000E+00    9.4742097759E+01    1.1529194281E+00    9.6085376647E+04    2.4538778153E+05    2.7736381941E-01
    4.6581115200E+00   -6.4783326400E+00    9.4742097983E+01    3.5318908582E+00    9.4807907810E+01    1.1654092253E+00    9.7610157339E+04    2.4926305671E+05    2.7686768179E-01
    1.3967113450E+01   -5.7499635300E+00    1.0386815165E+02    6.0664615690E+00    1.0404515790E+02    1.1558495082E+00    9.6558256538E+04    2.4765190502E+05    3.0423823599E-01
    2.1616603960E+01   -5.1514304700E+00    1.1503576421E+02    8.0575556511E+00    1.1531761033E+02    1.1444191068E+00    9.5296932244E+04    2.4585165980E+05    3.3774171643E-01
    2.7902475700E+01   -4.6595809700E+00    1.2838442041E+02    9.5936037395E+00    1.2874236536E+02    1.1276739408E+00    9.3411392861E+04    2.4287385251E+05    3.7805006280E-01
    3.3067867310E+01   -4.2553912100E+00    1.4266809524E+02    1.0876710855E+01    1.4308210313E+02    1.1084028670E+00    9.1238099938E+04    2.3944113217E+05    4.2148488157E-01
    3.7312563820E+01   -3.9232302900E+00    1.5768490738E+02    1.1902327711E+01    1.5813347344E+02    1.0858963143E+00    8.8695012903E+04    2.3531459998E+05    4.6763216073E-01
    4.0800723150E+01   -3.6502555300E+00    1.7291482885E+02    1.2621114887E+01    1.7337482682E+02    1.0616061496E+00    8.5963494886E+04    2.3086405691E+05    5.1492823186E-01
    4.3667227040E+01   -3.4259153100E+00    1.8786150355E+02    1.2924270790E+01    1.8830555300E+02    1.0357340128E+00    8.3063369518E+04    2.2602146029E+05    5.6197688969E-01
    4.6022901230E+01   -3.2415403800E+00    2.0207360204E+02    1.2821277251E+01    2.0247993924E+02    1.0102232161E+00    8.0230293123E+04    2.2128436205E+05    6.0723593869E-01
    4.8386804760E+01   -3.0809501100E+00    2.1766166889E+02    1.2313236306E+01    2.1800967385E+02    9.8097839532E-01    7.7018506889E+04    2.1585834468E+05    6.5757292205E-01
    5.0762120780E+01   -2.9562725900E+00    2.3525806459E+02    1.1163774186E+01    2.3552279467E+02    9.4618942991E-01    7.3239194739E+04    2.0934101754E+05    7.1546137669E-01
    5.3145870510E+01   -2.8683655600E+00    2.5378553714E+02    9.5079279574E+00    2.5396357919E+02    9.0737306111E-01    6.9083789193E+04    2.0197111979E+05    7.7787942917E-01
    5.5535014160E+01   -2.8178438200E+00    2.7360932424E+02    7.1206794798E+00    2.7370196636E+02    8.6437204898E-01    6.4558301269E+04    1.9377200386E+05    8.4642446941E-01
    5.7926471090E+01   -2.8050758000E+00    2.9308543464E+02    4.3703237691E+00    2.9311801673E+02    8.1931089469E-01    5.9908769247E+04    1.8496877019E+05    9.1613117459E-01
    6.0284896260E+01   -2.8146985600E+00    3.1253363242E+02    1.0118256392E+00    3.1253527030E+02    7.7389171994E-01    5.5323294303E+04    1.7610444769E+05    9.8791846153E-01
    6.3207071230E+01   -2.8266229700E+00    3.2997893383E+02   -2.0793350099E+00    3.2998548514E+02    7.2994268148E-01    5.0992795420E+04    1.6722387128E+05    1.0551659993E+00
    6.6827789080E+01   -2.8413995900E+00    3.4282642489E+02   -2.8031230364E+00    3.4283788458E+02    6.9681578789E-01    4.7794417957E+04    1.6043714751E+05    1.1063567537E+00
    7.1314080610E+01   -2.8597108000E+00    3.5153332594E+02   -1.9984901277E+00    3.5153900667E+02    6.7325886592E-01    4.5555708055E+04    1.5548982545E+05    1.1421657777E+00
    7.6872925810E+01   -2.8824023000E+00    3.5960867699E+02   -1.4714426225E+00    3.5961168739E+02    6.5368590662E-01    4.3717909310E+04    1.5156228889E+05    1.1752348151E+00
    8.3760809580E+01   -2.9105221200E+00    3.6737035802E+02   -1.4892493438E+00    3.6737337658E+02    6.3255087616E-01    4.1760855561E+04    1.4708768342E+05    1.2083888217E+00
    9.2295561990E+01   -2.9453690500E+00    3.7531499869E+02   -1.6031682976E+00    3.7531842266E+02    6.1348877527E-01    4.0017530890E+04    1.4325304361E+05    1.2419783654E+00
    1.0287102821E+02   -2.9885526000E+00    3.7930720676E+02   -1.6314398905E+00    3.7931071524E+02    5.9676320621E-01    3.8505988812E+04    1.3919510817E+05    1.2620250423E+00
    1.1597524390E+02   -3.0420673400E+00    3.7930709037E+02   -1.6314343401E+00    3.7931059882E+02    5.9676347858E-01    3.8506013198E+04    1.3919516237E+05    1.2620245433E+00
   -6.9630203200E+00    0.0000000000E+00    9.5566196681E+01    0.0000000000E+00    9.5566196681E+01    1.1521447307E+00    9.5994999198E+04    2.4524870812E+05    2.7981403803E-01
    4.4008166800E+00    0.0000000000E+00    9.5566196901E+01   -3.0106274123E-14    9.5566196901E+01    1.1639441894E+00    9.7432987655E+04    2.4889756091E+05    2.7916010561E-01
    1.3746858780E+01    0.0000000000E+00    1.0441910859E+02    3.7195286978E-14    1.0441910859E+02    1.1547468285E+00    9.6424468892E+04    2.4735647678E+05    3.0539767390E-01
    2.1433400420E+01    0.0000000000E+00    1.1548912688E+02    1.6939833038E-14    1.1548912688E+02    1.1433348544E+00    9.5167606370E+04    2.4554376654E+05    3.3831342246E-01
    2.7755105560E+01    0.0000000000E+00    1.2877461450E+02   -1.2674285120E-15    1.2877461450E+02    1.1266526131E+00    9.3292813065E+04    2.4257361723E+05    3.7821361663E-01
    3.2954317080E+01    0.0000000000E+00    1.4304515867E+02    3.4013072623E-14    1.4304515867E+02    1.1073591078E+00    9.1120108667E+04    2.3912961697E+05    4.2145020794E-01
    3.7230347020E+01    0.0000000000E+00    1.5802521073E+02   -1.2422503452E-14    1.5802521073E+02    1.0848839441E+00    8.8583493954E+04    2.3500457803E+05    4.6738804347E-01
    4.0747117210E+01    0.0000000000E+00    1.7316918996E+02   -4.3039735350E-14    1.7316918996E+02    1.0607225918E+00    8.5868664937E+04    2.3057590795E+05    5.1438721017E-01
    4.3639443200E+01    0.0000000000E+00    1.8795186743E+02   -1.3605677946E-14    1.8795186743E+02    1.0351270064E+00    8.3001217847E+04    2.2578644349E+05    5.6096687195E-01
    4.6018202460E+01    0.0000000000E+00    2.0194771417E+02   -3.2303686787E-14    2.0194771417E+02    1.0100217372E+00    8.0213712286E+04    2.2113007799E+05    6.0564198790E-01
    4.8396961720E+01    0.0000000000E+00    2.1721156377E+02   -8.7034106717E-15    2.1721156377E+02    9.8136829451E-01    7.7066901800E+04    2.1581815624E+05    6.5509002393E-01
    5.0775720980E+01    0.0000000000E+00    2.3445864935E+02   -1.9187023264E-14    2.3445864935E+02    9.4732275910E-01    7.3366420788E+04    2.0945362452E+05    7.1203699781E-01
    5.3154480230E+01    0.0000000000E+00    2.5260697332E+02   -8.1597210953E-15    2.5260697332E+02    9.0924803093E-01    6.9287473279E+04    2.0222837027E+05    7.7338392337E-01
    5.5533239490E+01    0.0000000000E+00    2.7212272826E+02   -1.4412491747E-14    2.7212272826E+02    8.6702442415E-01    6.4837709108E+04    1.9419618988E+05    8.4101285421E-01
    5.7911998750E+01    0.0000000000E+00    2.9137328052E+02   -2.3479330639E-14    2.9137328052E+02    8.2250089888E-01    6.0236263107E+04    1.8550515824E+05    9.0996541330E-01
    6.0290758010E+01    0.0000000000E+00    3.1096739130E+02   -9.0796030580E-15    3.1096739130E+02    7.7701661594E-01    5.5635149202E+04    1.7665690551E+05    9.8218061195E-01
    6.3233671320E+01    0.0000000000E+00    3.2929317076E+02   -1.7911463571E-14    3.2929317076E+02    7.3122400507E-01    5.1115859821E+04    1.6743441862E+05    1.0526066053E+00
    6.6874535250E+01    0.0000000000E+00    3.4292678557E+02   -1.8992398099E-14    3.4292678557E+02    6.9589958074E-01    4.7705016920E+04    1.6018101324E+05    1.1069516478E+00
    7.1378877970E+01    0.0000000000E+00    3.5173141094E+02   -1.6929213596E-14    3.5173141094E+02    6.7176927135E-01    4.5412956159E+04    1.5508635321E+05    1.1433187262E+00
    7.6951484820E+01    0.0000000000E+00    3.5959881227E+02    3.1363770808E-16    3.5959881227E+02    6.5277616213E-01    4.3630706245E+04    1.5128243457E+05    1.1755476906E+00
    8.3845708720E+01    0.0000000000E+00    3.6725935687E+02   -3.5903311297E-14    3.6725935687E+02    6.3218611787E-01    4.1725015074E+04    1.4694699095E+05    1.2081839940E+00
    9.2374988520E+01    0.0000000000E+00    3.7520735814E+02   -6.1617658255E-14    3.7520735814E+02    6.1335660220E-01    4.0003550228E+04    1.4318321903E+05    1.2416940017E+00
    1.0292709926E+02    0.0000000000E+00    3.7923750315E+02   -2.4105574040E-14    3.7923750315E+02    5.9674175512E-01    3.8502338828E+04    1.3916787005E+05    1.2618185817E+00
    1.1598178864E+02    0.0000000000E+00    3.7923738791E+02   -2.4967270646E-14    3.7923738791E+02    5.9674202728E-01    3.8502363196E+04    1.3916792447E+05    1.2618180867E+00
   -6.6704928300E+00    7.3647144600E+00    9.4742097759E+01   -0.0000000000E+00    9.4742097759E+01    1.1529194281E+00    9.6085376647E+04    2.4538778153E+05    2.7736381941E-01
    4.6581115200E+00    6.4783326400E+00    9.4742097759E+01   -3.5318908629E+00    9.4807907586E+01    1.1654092256E+00    9.7610157365E+04    2.4926305675E+05    2.7686768113E-01
    1.3967113450E+01    5.7499635300E+00    1.0386815144E+02   -6.0664615740E+00    1.0404515770E+02    1.1558495083E+00    9.6558256558E+04    2.4765190505E+05    3.0423823537E-01
    2.1616603960E+01    5.1514304700E+00    1.1503576401E+02   -8.0575556538E+00    1.1531761013E+02    1.1444191070E+00    9.5296932264E+04    2.4585165982E+05    3.3774171584E-01
    2.7902475700E+01    4.6595809700E+00    1.2838442021E+02   -9.5936037333E+00    1.2874236515E+02    1.1276739410E+00    9.3411392878E+04    2.4287385252E+05    3.7805006219E-01
    3.3067867310E+01    4.2553912100E+00    1.4266809502E+02   -1.0876710841E+01    1.4308210292E+02    1.1084028672E+00    9.1238099962E+04    2.3944113220E+05    4.2148488092E-01
    3.7312563820E+01    3.9232302900E+00    1.5768490713E+02   -1.1902327678E+01    1.5813347318E+02    1.0858963145E+00    8.8695012927E+04    2.3531460000E+05    4.6763215996E-01
    4.0800723150E+01    3.6502555300E+00    1.7291482854E+02   -1.2621114845E+01    1.7337482652E+02    1.0616061500E+00    8.5963494928E+04    2.3086405696E+05    5.1492823092E-01
    4.3667227040E+01    3.4259153100E+00    1.8786150317E+02   -1.2924270724E+01    1.8830555262E+02    1.0357340133E+00    8.3063369565E+04    2.2602146034E+05    5.6197688850E-01
    4.6022901230E+01    3.2415403800E+00    2.0207360157E+02   -1.2821277180E+01    2.0247993876E+02    1.0102232168E+00    8.0230293200E+04    2.2128436216E+05    6.0723593719E-01
    4.8386804760E+01    3.0809501100E+00    2.1766166829E+02   -1.2313236212E+01    2.1800967325E+02    9.8097839618E-01    7.7018506981E+04    2.1585834481E+05    6.5757292013E-01
    5.0762120780E+01    2.9562725900E+00    2.3525806380E+02   -1.1163774093E+01    2.3552279388E+02    9.4618943128E-01    7.3239194886E+04    2.0934101777E+05    7.1546137408E-01
    5.3145870510E+01    2.8683655600E+00    2.5378553608E+02   -9.5079278454E+00    2.5396357813E+02    9.0737306295E-01    6.9083789387E+04    2.0197112009E+05    7.7787942562E-01
    5.5535014160E+01    2.8178438200E+00    2.7360932274E+02   -7.1206793884E+00    2.7370196486E+02    8.6437205192E-01    6.4558301573E+04    1.9377200438E+05    8.4642446420E-01
    5.7926471090E+01    2.8050758000E+00    2.9308543243E+02   -4.3703236732E+00    2.9311801452E+02    8.1931089914E-01    5.9908769697E+04    1.8496877098E+05    9.1613116673E-01
    6.0284896260E+01    2.8146985600E+00    3.1253362870E+02   -1.0118256856E+00    3.1253526658E+02    7.7389172789E-01    5.5323295093E+04    1.7610444915E+05    9.8791844779E-01
    6.3207071230E+01    2.8266229700E+00    3.2997892721E+02    2.0793346178E+00    3.2998547852E+02    7.2994269605E-01    5.0992796836E+04    1.6722387402E+05    1.0551659740E+00
    6.6827789080E+01    2.8413995900E+00    3.4282641342E+02    2.8031222023E+00    3.4283787310E+02    6.9681581378E-01    4.7794420426E+04    1.6043715246E+05    1.1063567086E+00
    7.1314080610E+01    2.8597108000E+00    3.5153330728E+02    1.9984892464E+00    3.5153898800E+02    6.7325890834E-01    4.5555712046E+04    1.5548983364E+05    1.1421657030E+00
    7.6872925810E+01    2.8824023000E+00    3.5960864485E+02    1.4714410692E+00    3.5961165525E+02    6.5368597831E-01    4.3717915981E+04    1.5156230265E+05    1.1752346848E+00
    8.3760809580E+01    2.9105221200E+00    3.6737030377E+02    1.4892469732E+00    3.6737332232E+02    6.3255099765E-01    4.1760866710E+04    1.4708770688E+05    1.2083885980E+00
    9.2295561990E+01    2.9453690500E+00    3.7531490908E+02    1.6031634316E+00    3.7531833303E+02    6.1348897181E-01    4.0017548692E+04    1.4325308132E+05    1.2419779915E+00
    1.0287102821E+02    2.9885526000E+00    3.7930709037E+02    1.6314343401E+00    3.7931059882E+02    5.9676347858E-01    3.8506013198E+04    1.3919516237E+05    1.2620245433E+00
    1.1597524390E+02    3.0420673400E+00    3.7930709037E+02    1.6314343401E+00    3.7931059882E+02    5.9676347858E-01    3.8506013198E+04    1.3919516237E+05    1.2620245433E+00
