 TITLE = "Projeto1" 
 VARIABLES = "X" "Y" "u" "v" "q_vel_out" "rho" "p" "e" "mach" 
 ZONE I =           24  J =          13  DATAPACKING = POINT
    8.4500000000E-06   -3.5279003140E+01    6.9524409432E+01    0.0000000000E+00    6.9524409432E+01    1.1734947337E+00    9.8494586013E+04    2.4907259263E+05    2.0281855469E-01
    1.0306326720E+01   -3.1045768330E+01    6.9524409526E+01    2.5360239575E+01    7.4005305697E+01    1.2053147423E+00    1.0269218604E+05    2.6003109012E+05    2.1427937643E-01
    1.8746475060E+01   -2.7579047530E+01    9.2348887062E+01    3.6066631573E+01    9.9141912704E+01    1.1661680958E+00    9.8071292138E+04    2.5090943276E+05    2.8893683063E-01
    2.5658349530E+01   -2.4740052520E+01    1.0531573804E+02    4.1754966753E+01    1.1329113791E+02    1.1520985424E+00    9.6474372552E+04    2.4857945576E+05    3.3088017998E-01
    3.1318677600E+01   -2.2415119790E+01    1.1931450065E+02    4.7399610423E+01    1.2838486334E+02    1.1328754239E+00    9.4260489900E+04    2.4498763241E+05    3.7616296651E-01
    3.5954079200E+01   -2.0511167100E+01    1.3293707247E+02    5.2819250867E+01    1.4304593143E+02    1.1136811944E+00    9.2064444529E+04    2.4155526075E+05    4.2048060327E-01
    3.9750139730E+01   -1.8951966780E+01    1.4735772205E+02    5.8477816987E+01    1.5853691471E+02    1.0910735912E+00    8.9481909341E+04    2.3741626971E+05    4.6787063148E-01
    4.2858840280E+01   -1.7675093850E+01    1.6278771139E+02    6.4342227494E+01    1.7504216983E+02    1.0653287888E+00    8.6567044484E+04    2.3273832106E+05    5.1897233432E-01
    4.5404642460E+01   -1.6629426760E+01    1.8078848639E+02    7.0874678041E+01    1.9418469764E+02    1.0328148393E+00    8.2917701150E+04    2.2676678728E+05    5.7921339038E-01
    4.7489471440E+01   -1.5773100850E+01    2.0506614278E+02    7.6035680093E+01    2.1870881913E+02    9.8717896497E-01    7.7884246162E+04    2.1832075139E+05    6.5807503246E-01
    4.9607350680E+01   -1.5003262190E+01    2.3682616740E+02    7.4191938661E+01    2.4817549703E+02    9.2579112450E-01    7.1211871028E+04    2.0653991394E+05    7.5626707041E-01
    5.1781269800E+01   -1.4409848660E+01    2.6978123822E+02    6.3640713745E+01    2.7718596094E+02    8.5914341044E-01    6.4179688019E+04    1.9345409776E+05    8.5711923850E-01
    5.3996560260E+01   -1.3996868810E+01    3.0047642207E+02    4.7451241209E+01    3.0420009946E+02    7.9280498923E-01    5.7396636825E+04    1.8017376739E+05    9.5551013603E-01
    5.6238272770E+01   -1.3767109600E+01    3.2781316265E+02    2.5908464943E+01    3.2883539676E+02    7.2999598865E-01    5.1175653767E+04    1.6740735967E+05    1.0496465419E+00
    5.8491279600E+01   -1.3722117420E+01    3.4190641357E+02    4.9898449835E+00    3.4194282299E+02    6.9040747527E-01    4.7410307419E+04    1.5888867904E+05    1.1028230426E+00
    6.0744619520E+01   -1.3769711210E+01    3.3965920399E+02   -5.2571996226E+00    3.3969988667E+02    6.9357937680E-01    4.7725073237E+04    1.5933083048E+05    1.0944758117E+00
    6.3553982470E+01   -1.3829049520E+01    3.3639245550E+02   -6.8643006082E+00    3.3646248340E+02    7.0371076755E-01    4.8694626073E+04    1.6156905858E+05    1.0810087488E+00
    6.7056569970E+01   -1.3903029860E+01    3.4114797362E+02   -7.2079377651E+00    3.4122411151E+02    6.9513543865E-01    4.7855599257E+04    1.6010766123E+05    1.0991172634E+00
    7.1423438710E+01   -1.3995265220E+01    3.4961563259E+02   -7.3822636200E+00    3.4969356352E+02    6.7466487089E-01    4.5890349515E+04    1.5597676913E+05    1.1332010987E+00
    7.6867854440E+01   -1.4110260120E+01    3.5904529865E+02   -7.5401086524E+00    3.5912446272E+02    6.5231452425E-01    4.3775031214E+04    1.5150220398E+05    1.1716455934E+00
    8.3655707370E+01   -1.4253630600E+01    3.6734924747E+02   -7.6753673855E+00    3.6742942299E+02    6.3004904443E-01    4.1699609055E+04    1.4677871322E+05    1.2070662300E+00
    9.2118497430E+01   -1.4432378480E+01    3.7537181285E+02   -7.7996042963E+00    3.7545283554E+02    6.1136621071E-01    3.9979848938E+04    1.4304018985E+05    1.2408563642E+00
    1.0266952384E+02   -1.4655233290E+01    3.7939406339E+02   -7.8308130765E+00    3.7947487001E+02    5.9504806839E-01    3.8492716542E+04    1.3907560245E+05    1.2609728826E+00
    1.1582405090E+02   -1.4933078770E+01    3.7939403883E+02   -7.8308122651E+00    3.7947484544E+02    5.9504809649E-01    3.8492718993E+04    1.3907560506E+05    1.2609727906E+00
   -3.7493654000E-01   -3.4351956070E+01    6.9524409526E+01    0.0000000000E+00    6.9524409526E+01    1.1734947337E+00    9.8494586006E+04    2.4907259262E+05    2.0281855497E-01
    9.9825822500E+00   -3.0229171540E+01    6.9524409620E+01    2.5360239608E+01    7.4005305796E+01    1.2053147423E+00    1.0269218604E+05    2.6003109013E+05    2.1427937672E-01
    1.8465667490E+01   -2.6852503770E+01    9.2348887194E+01    3.6066631623E+01    9.9141912845E+01    1.1661680958E+00    9.8071292137E+04    2.5090943277E+05    2.8893683103E-01
    2.5413537970E+01   -2.4086928300E+01    1.0531573821E+02    4.1754966817E+01    1.1329113808E+02    1.1520985424E+00    9.6474372550E+04    2.4857945578E+05    3.3088018049E-01
    3.1104036770E+01   -2.1821850880E+01    1.1931450085E+02    4.7399610501E+01    1.2838486355E+02    1.1328754238E+00    9.4260489899E+04    2.4498763243E+05    3.7616296713E-01
    3.5764723450E+01   -1.9966692010E+01    1.3293707270E+02    5.2819250955E+01    1.4304593167E+02    1.1136811943E+00    9.2064444528E+04    2.4155526078E+05    4.2048060397E-01
    3.9581973480E+01   -1.8447265030E+01    1.4735772231E+02    5.8477817092E+01    1.5853691499E+02    1.0910735910E+00    8.9481909341E+04    2.3741626976E+05    4.6787063228E-01
    4.2708431140E+01   -1.7202809630E+01    1.6278771166E+02    6.4342227600E+01    1.7504217012E+02    1.0653287886E+00    8.6567044481E+04    2.3273832111E+05    5.1897233514E-01
    4.5269114030E+01   -1.6183562030E+01    1.8078848670E+02    7.0874678167E+01    1.9418469798E+02    1.0328148392E+00    8.2917701148E+04    2.2676678734E+05    5.7921339134E-01
    4.7366413090E+01   -1.5348765120E+01    2.0506614309E+02    7.6035680214E+01    2.1870881945E+02    9.8717896472E-01    7.7884246152E+04    2.1832075143E+05    6.5807503340E-01
    4.9504999150E+01   -1.4598047580E+01    2.3682616777E+02    7.4191938788E+01    2.4817549743E+02    9.2579112419E-01    7.1211871012E+04    2.0653991398E+05    7.5626707158E-01
    5.1698067720E+01   -1.4018847730E+01    2.6978123860E+02    6.3640713848E+01    2.7718596133E+02    8.5914341001E-01    6.4179687991E+04    1.9345409777E+05    8.5711923969E-01
    5.3931360230E+01   -1.3615074210E+01    3.0047642257E+02    4.7451241298E+01    3.0420009997E+02    7.9280498873E-01    5.7396636790E+04    1.8017376740E+05    9.5551013759E-01
    5.6190344140E+01   -1.3389449650E+01    3.2781316319E+02    2.5908464996E+01    3.2883539731E+02    7.2999598791E-01    5.1175653711E+04    1.6740735962E+05    1.0496465437E+00
    5.8460312160E+01   -1.3343492330E+01    3.4190641441E+02    4.9898449954E+00    3.4194282383E+02    6.9040747411E-01    4.7410307325E+04    1.5888867894E+05    1.1028230454E+00
    6.0717878330E+01   -1.3389802890E+01    3.3965920503E+02   -5.2571996629E+00    3.3969988771E+02    6.9357937505E-01    4.7725073088E+04    1.5933083026E+05    1.0944758154E+00
    6.3531877740E+01   -1.3447528720E+01    3.3639245699E+02   -6.8643006673E+00    3.3646248490E+02    7.0371076534E-01    4.8694625879E+04    1.6156905832E+05    1.0810087540E+00
    6.7039463590E+01   -1.3519483110E+01    3.4114797551E+02   -7.2079378445E+00    3.4122411340E+02    6.9513543553E-01    4.7855598980E+04    1.6010766080E+05    1.0991172702E+00
    7.1411597120E+01   -1.3609173330E+01    3.4961563578E+02   -7.3822637332E+00    3.4969356671E+02    6.7466486606E-01    4.5890349080E+04    1.5597676850E+05    1.1332011103E+00
    7.6861381490E+01   -1.3720971250E+01    3.5904530351E+02   -7.5401088481E+00    3.5912446758E+02    6.5231451613E-01    4.3775030483E+04    1.5150220277E+05    1.1716456117E+00
    8.3654450210E+01   -1.3860326380E+01    3.6734925652E+02   -7.6753677126E+00    3.6742943205E+02    6.3004903105E-01    4.1699607856E+04    1.4677871142E+05    1.2070662643E+00
    9.2121916200E+01   -1.4034031630E+01    3.7537182673E+02   -7.7996048825E+00    3.7545284943E+02    6.1136618954E-01    3.9979847058E+04    1.4304018684E+05    1.2408564178E+00
    1.0267651289E+02   -1.4250554360E+01    3.7939408795E+02   -7.8308138877E+00    3.7947489458E+02    5.9504804029E-01    3.8492714090E+04    1.3907559985E+05    1.2609729746E+00
    1.1583269561E+02   -1.4520449310E+01    3.7939406339E+02   -7.8308130765E+00    3.7947487001E+02    5.9504806839E-01    3.8492716542E+04    1.3907560245E+05    1.2609728826E+00
   -8.1922002000E-01   -3.3214552130E+01    7.0875972388E+01    0.0000000000E+00    7.0875972388E+01    1.1725474256E+00    9.8383289803E+04    2.4890331391E+05    2.0679476997E-01
    9.5991315900E+00   -2.9227426920E+01    7.0875972468E+01    2.4394532782E+01    7.4956632148E+01    1.1992520431E+00    1.0193395173E+05    2.5820387615E+05    2.1729105589E-01
    1.8133277590E+01   -2.5961397340E+01    9.2376539840E+01    3.4186365679E+01    9.8499404623E+01    1.1655656602E+00    9.7982062497E+04    2.5060939260E+05    2.8712081030E-01
    2.5123991480E+01   -2.3286050360E+01    1.0557553712E+02    4.0075820741E+01    1.1292592902E+02    1.1517361559E+00    9.6416409817E+04    2.4838464713E+05    3.2986077622E-01
    3.0850429370E+01   -2.1094553290E+01    1.1974889249E+02    4.5691390963E+01    1.2816981103E+02    1.1325515135E+00    9.4209348049E+04    2.4482586538E+05    3.7558108254E-01
    3.5541258340E+01   -1.9299394780E+01    1.3352303232E+02    5.1020006570E+01    1.4293859251E+02    1.1132608149E+00    9.2004167052E+04    2.4138317909E+05    4.2022336492E-01
    3.9383786280E+01   -1.7828890980E+01    1.4810154904E+02    5.6505100765E+01    1.5851465308E+02    1.0904988206E+00    8.9406180913E+04    2.3721587710E+05    4.6787972380E-01
    4.2531441210E+01   -1.6624323360E+01    1.6369087080E+02    6.2094614087E+01    1.7507267714E+02    1.0645605613E+00    8.6471326060E+04    2.3249294117E+05    5.1916269943E-01
    4.5109898660E+01   -1.5637593960E+01    1.8142213582E+02    6.7950724399E+01    1.9372994687E+02    1.0326042670E+00    8.2883742136E+04    2.2658684163E+05    5.7791640633E-01
    4.7222101310E+01   -1.4829304830E+01    2.0406979635E+02    7.1737915936E+01    2.1631183593E+02    9.9112743648E-01    7.8297341996E+04    2.1893118295E+05    6.5044039554E-01
    4.9384793640E+01   -1.4102194370E+01    2.3353686553E+02    6.8743684451E+01    2.4344437088E+02    9.3704559950E-01    7.2390314052E+04    2.0874286462E+05    7.4024562862E-01
    5.1600068280E+01   -1.3540614770E+01    2.6513735250E+02    5.8134316717E+01    2.7143583859E+02    8.7652606436E-01    6.5936425169E+04    1.9713114999E+05    8.3641707329E-01
    5.3854166510E+01   -1.3148350710E+01    2.9522086804E+02    4.2489325541E+01    2.9826280980E+02    8.1433304448E-01    5.9490865818E+04    1.8494898489E+05    9.3263341440E-01
    5.6133064010E+01   -1.2928043990E+01    3.2301991588E+02    2.1948320390E+01    3.2376472140E+02    7.5304918485E-01    5.3320902939E+04    1.7277091866E+05    1.0283203505E+00
    5.8422566480E+01   -1.2881175950E+01    3.4023440149E+02    2.1762376529E+00    3.4024136134E+02    7.0759899099E-01    4.8927667894E+04    1.6327647962E+05    1.0935519870E+00
    6.0685277420E+01   -1.2925914190E+01    3.4180743657E+02   -7.0510779817E+00    3.4188015648E+02    6.9998726267E-01    4.8214573583E+04    1.6144440406E+05    1.1009453966E+00
    6.3504918180E+01   -1.2981665290E+01    3.3935693748E+02   -7.6439666303E+00    3.3944301619E+02    7.0542350145E-01    4.8754152997E+04    1.6252538108E+05    1.0912443651E+00
    6.7018581810E+01   -1.3051139870E+01    3.4346849023E+02   -7.2470002450E+00    3.4354493563E+02    6.9626694428E-01    4.7881375136E+04    1.6079123737E+05    1.1071949957E+00
    7.1397111430E+01   -1.3137716350E+01    3.5131139681E+02   -7.0507567156E+00    3.5138214340E+02    6.7552857226E-01    4.5909974173E+04    1.5647849280E+05    1.1391581115E+00
    7.6853409680E+01   -1.3245604970E+01    3.6024612762E+02   -7.1171185845E+00    3.6031642460E+02    6.5294060573E-01    4.3787477179E+04    1.5185365522E+05    1.1759312139E+00
    8.3652794060E+01   -1.3380052480E+01    3.6817864900E+02   -7.2900463739E+00    3.6825081446E+02    6.3048839642E-01    4.1706424502E+04    1.4701590529E+05    1.2100874801E+00
    9.2125901690E+01   -1.3547597450E+01    3.7593611554E+02   -7.4632360880E+00    3.7601018984E+02    6.1167644895E-01    3.9982947169E+04    1.4319789634E+05    1.2429655009E+00
    1.0268477089E+02   -1.3756388210E+01    3.7976295847E+02   -7.5339316101E+00    3.7983768211E+02    5.9526721143E-01    3.8494310561E+04    1.3917736035E+05    1.2623847429E+00
    1.1584286401E+02   -1.4016579340E+01    3.7976293669E+02   -7.5339306015E+00    3.7983766032E+02    5.9526723937E-01    3.8494313015E+04    1.3917736358E+05    1.2623846599E+00
   -1.3413917200E+00   -3.1817897940E+01    7.3567749750E+01    0.0000000000E+00    7.3567749750E+01    1.1706078638E+00    9.8155529083E+04    2.4855661273E+05    2.1471964917E-01
    9.1489013400E+00   -2.7997494540E+01    7.3567749814E+01    2.1929586978E+01    7.6766663323E+01    1.1982521716E+00    1.0176080701E+05    2.5793273980E+05    2.2263451181E-01
    1.7743498550E+01   -2.4867483350E+01    9.3410453886E+01    3.1990750291E+01    9.8736624407E+01    1.1659920313E+00    9.7990771765E+04    2.5066051151E+05    2.8785213821E-01
    2.4784987760E+01   -2.2303101760E+01    1.0631634656E+02    3.8092220389E+01    1.1293441814E+02    1.1520483687E+00    9.6417410943E+04    2.4839024510E+05    3.2992857003E-01
    3.0554060080E+01   -2.0202127720E+01    1.2046021873E+02    4.3580296806E+01    1.2810115755E+02    1.1328850010E+00    9.4217100106E+04    2.4483801877E+05    3.7541972157E-01
    3.5280679510E+01   -1.8480811930E+01    1.3432383849E+02    4.8715665449E+01    1.4288495249E+02    1.1135621149E+00    9.2010801691E+04    2.4139430735E+05    4.2010736288E-01
    3.9153247660E+01   -1.7070540360E+01    1.4903978071E+02    5.3899021168E+01    1.5848646856E+02    1.0907848615E+00    8.9412744221E+04    2.3723100620E+05    4.6784070934E-01
    4.2326113370E+01   -1.5915099610E+01    1.6478909385E+02    5.9013932222E+01    1.7503739500E+02    1.0648881907E+00    8.6483122998E+04    2.3252087742E+05    5.1910253157E-01
    4.4925726290E+01   -1.4968436220E+01    1.8257661232E+02    6.4031228706E+01    1.9347924337E+02    1.0332868361E+00    8.2934417370E+04    2.2667618557E+05    5.7718284137E-01
    4.7055679380E+01   -1.4192820810E+01    2.0449908218E+02    6.7377924200E+01    2.1531293338E+02    9.9293807836E-01    7.8470707241E+04    2.1919290360E+05    6.4731161436E-01
    4.9245912110E+01   -1.3494964160E+01    2.3213485960E+02    6.5585729397E+01    2.4122205733E+02    9.4006406878E-01    7.2711303029E+04    2.0912851963E+05    7.3304521333E-01
    5.1486408710E+01   -1.2955334700E+01    2.6195122524E+02    5.7285194265E+01    2.6814182420E+02    8.8025347915E-01    6.6347287657E+04    1.9751334839E+05    8.2545391245E-01
    5.3764019790E+01   -1.2577563400E+01    2.9072567383E+02    4.4138716125E+01    2.9405721159E+02    8.1848902804E-01    5.9960796970E+04    1.8528921973E+05    9.1820689477E-01
    5.6065340850E+01   -1.2364190610E+01    3.1790674817E+02    2.6112070241E+01    3.1897733578E+02    7.5720814848E-01    5.3796588114E+04    1.7301312515E+05    1.0114072946E+00
    5.8376803500E+01   -1.2316649350E+01    3.3578524043E+02    7.1307590337E+00    3.3586094655E+02    7.1052197845E-01    4.9267854815E+04    1.6324399157E+05    1.0779594435E+00
    6.0645767600E+01   -1.2359460680E+01    3.3876570348E+02   -4.6151862172E+00    3.3879713960E+02    7.0037728691E-01    4.8301516062E+04    1.6094966894E+05    1.0903385387E+00
    6.3472260180E+01   -1.2412793280E+01    3.3749680950E+02   -7.1103085851E+00    3.3757170040E+02    7.0479186248E-01    4.8719506321E+04    1.6195592183E+05    1.0851281116E+00
    6.6993298720E+01   -1.2479232650E+01    3.4232193055E+02   -7.0408988246E+00    3.4239433172E+02    6.9589261794E-01    4.7851991192E+04    1.6042107325E+05    1.1035287602E+00
    7.1379579410E+01   -1.2562000360E+01    3.5068523583E+02   -6.8297728182E+00    3.5075173617E+02    6.7547752400E-01    4.5897591132E+04    1.5629489034E+05    1.1372247857E+00
    7.6843756600E+01   -1.2665109890E+01    3.5999584885E+02   -6.8785776191E+00    3.6006155866E+02    6.5307774828E-01    4.3784185151E+04    1.5179437514E+05    1.1752670134E+00
    8.3650757510E+01   -1.2793561370E+01    3.6817199144E+02   -7.0498236379E+00    3.6823948090E+02    6.3070202979E-01    4.1705827780E+04    1.4702626650E+05    1.2102638837E+00
    9.2130632620E+01   -1.2953584120E+01    3.7606137135E+02   -7.2035046369E+00    3.7613035706E+02    6.1190584373E-01    3.9982235262E+04    1.4323998574E+05    1.2436069305E+00
    1.0269456436E+02   -1.3152938790E+01    3.7994169894E+02   -7.2384367074E+00    3.8001064401E+02    5.9548513898E-01    3.8493432112E+04    1.3923001592E+05    1.2632051564E+00
    1.1585479368E+02   -1.3401293890E+01    3.7994168001E+02   -7.2384355206E+00    3.8001062506E+02    5.9548516673E-01    3.8493434566E+04    1.3923001977E+05    1.2632050826E+00
   -1.9484990300E+00   -3.0101349610E+01    7.6172115661E+01    0.0000000000E+00    7.6172115661E+01    1.1686644152E+00    9.7927463283E+04    2.4820906540E+05    2.2239481524E-01
    8.6264727800E+00   -2.6485958430E+01    7.6172115711E+01    2.0414054770E+01    7.8860160056E+01    1.1924017996E+00    1.0101282739E+05    2.5623979706E+05    2.2899008805E-01
    1.7292317850E+01   -2.3523274230E+01    9.4187130161E+01    2.9646783831E+01    9.8742834067E+01    1.1651442678E+00    9.7849491252E+04    2.5030389224E+05    2.8797324192E-01
    2.4393725320E+01   -2.1095457340E+01    1.0704139632E+02    3.5747047468E+01    1.1285261153E+02    1.1515775833E+00    9.6323498190E+04    2.4814182566E+05    3.2978285510E-01
    3.0213167820E+01   -1.9105937190E+01    1.2122196123E+02    4.1061763557E+01    1.2798762562E+02    1.1326117983E+00    9.4150170793E+04    2.4465198895E+05    3.7517504991E-01
    3.4982117740E+01   -1.7475577610E+01    1.3521046607E+02    4.5988950268E+01    1.4281755383E+02    1.1132256836E+00    9.1939806069E+04    2.4120266586E+05    4.2000783259E-01
    3.8890251290E+01   -1.6139530400E+01    1.5006411043E+02    5.0857665557E+01    1.5844790748E+02    1.0903567385E+00    8.9334281585E+04    2.3702281002E+05    4.6784039933E-01
    4.2092992540E+01   -1.5044656460E+01    1.6589450742E+02    5.5517027291E+01    1.7493749715E+02    1.0644589845E+00    8.6406921153E+04    2.3230519011E+05    5.1893037403E-01
    4.4717696890E+01   -1.4147412240E+01    1.8336257277E+02    5.9743035443E+01    1.9284984672E+02    1.0336315759E+00    8.2944552595E+04    2.2658231021E+05    5.7536604643E-01
    4.6868719460E+01   -1.3412117490E+01    2.0367654731E+02    6.2008828665E+01    2.1290662450E+02    9.9684128937E-01    7.8867121576E+04    2.1976082836E+05    6.3972035639E-01
    4.9089521780E+01   -1.2750664590E+01    2.2887217381E+02    5.9593370864E+01    2.3650336529E+02    9.5029295898E-01    7.3778916955E+04    2.1102406040E+05    7.1735796526E-01
    5.1357759230E+01   -1.2238528860E+01    2.5674569716E+02    5.1595051668E+01    2.6187860235E+02    8.9639384679E-01    6.8000586025E+04    2.0073899041E+05    8.0357996853E-01
    5.3661025250E+01   -1.1879150670E+01    2.8429750387E+02    3.9377267951E+01    2.8701156760E+02    8.3922522971E-01    6.2023939446E+04    1.8962570629E+05    8.9226729600E-01
    5.5986671240E+01   -1.1674943080E+01    3.1101140951E+02    2.2800944752E+01    3.1184608372E+02    7.8058407701E-01    5.6049582769E+04    1.7807906925E+05    9.8355789426E-01
    5.8321892460E+01   -1.1627276230E+01    3.3106337180E+02    5.2315426034E+00    3.3110470427E+02    7.3055371440E-01    5.1122241730E+04    1.6785102496E+05    1.0578460413E+00
    6.0598429660E+01   -1.1667725950E+01    3.3812775318E+02   -6.0272362073E+00    3.3818146763E+02    7.0966465664E-01    4.9112510740E+04    1.6336228108E+05    1.0864664168E+00
    6.3433210150E+01   -1.1718096700E+01    3.3872291023E+02   -8.0405182750E+00    3.3881832868E+02    7.0715853886E-01    4.8878065120E+04    1.6278530622E+05    1.0891915667E+00
    6.6963154880E+01   -1.1780821780E+01    3.4341107898E+02   -7.2015715818E+00    3.4348658168E+02    6.9681007807E-01    4.7885759980E+04    1.6082028275E+05    1.1073879097E+00
    7.1358775240E+01   -1.1858931950E+01    3.5136938006E+02   -6.4772761987E+00    3.5142907727E+02    6.7614934605E-01    4.5919367525E+04    1.5655145107E+05    1.1397170406E+00
    7.6832415470E+01   -1.1956201640E+01    3.6038479783E+02   -6.3566089792E+00    3.6044085366E+02    6.5362313631E-01    4.3801617708E+04    1.5196262180E+05    1.1767619704E+00
    8.3648517490E+01   -1.2077331390E+01    3.6839463162E+02   -6.5406925630E+00    3.6845269067E+02    6.3112771003E-01    4.1716993374E+04    1.4713260728E+05    1.2112110899E+00
    9.2136404360E+01   -1.2228175150E+01    3.7620004640E+02   -6.7342471485E+00    3.7626031547E+02    6.1223534134E-01    3.9987408495E+04    1.4330615854E+05    1.2442910165E+00
    1.0270619947E+02   -1.2416023240E+01    3.8004461219E+02   -6.8046069137E+00    3.8010552473E+02    5.9575594071E-01    3.8495550946E+04    1.3927634906E+05    1.2637730367E+00
    1.1586863495E+02   -1.2649954860E+01    3.8004459549E+02   -6.8046056078E+00    3.8010550800E+02    5.9575596834E-01    3.8495553404E+04    1.3927635341E+05    1.2637729700E+00
   -2.6440171400E+00   -2.7989633500E+01    7.9467310637E+01    0.0000000000E+00    7.9467310637E+01    1.1661115199E+00    9.7628108742E+04    2.4775230015E+05    2.3211708217E-01
    8.0301409900E+00   -2.4626487800E+01    7.9467310677E+01    1.7789076247E+01    8.1434051232E+01    1.1893799576E+00    1.0060052221E+05    2.5544499490E+05    2.3664765943E-01
    1.6779571680E+01   -2.1869785270E+01    9.5670556828E+01    2.6786882966E+01    9.9349849234E+01    1.1650302652E+00    9.7789101226E+04    2.5022240609E+05    2.8981881146E-01
    2.3951377310E+01   -1.9610166800E+01    1.0822257658E+02    3.2891239751E+01    1.1311038739E+02    1.1515375867E+00    9.6274239387E+04    2.4805196123E+05    3.3061494616E-01
    2.9830081800E+01   -1.7757988250E+01    1.2229572825E+02    3.7967080075E+01    1.2805367749E+02    1.1327586805E+00    9.4126415453E+04    2.4460338224E+05    3.7544037655E-01
    3.4648898760E+01   -1.6239770220E+01    1.3635488585E+02    4.2588409316E+01    1.4285106757E+02    1.1133550155E+00    9.1916692047E+04    2.4115152932E+05    4.2018361609E-01
    3.8598979480E+01   -1.4995284460E+01    1.5131330098E+02    4.7021053803E+01    1.5845092160E+02    1.0904978068E+00    8.9314541931E+04    2.3697575250E+05    4.6793126350E-01
    4.1836995390E+01   -1.3975165280E+01    1.6718913191E+02    5.1092365980E+01    1.7482172545E+02    1.0647458786E+00    8.6404952001E+04    2.3228310020E+05    5.1866274200E-01
    4.4491355150E+01   -1.3138951090E+01    1.8444215694E+02    5.4467310053E+01    1.9231639847E+02    1.0345880826E+00    8.3016762086E+04    2.2667433422E+05    5.7379021780E-01
    4.6667302190E+01   -1.2453478970E+01    2.0371877557E+02    5.6154516626E+01    2.1131651439E+02    9.9962474670E-01    7.9140773988E+04    2.2017089119E+05    6.3472817037E-01
    4.8920542700E+01   -1.1837506060E+01    2.2706689159E+02    5.4501501532E+01    2.3351613847E+02    9.5547457739E-01    7.4317348063E+04    2.1184428272E+05    7.0764810597E-01
    5.1217767060E+01   -1.1359980810E+01    2.5301840627E+02    4.8423297098E+01    2.5761042218E+02    9.0350050118E-01    6.8747871296E+04    2.0184923867E+05    7.8928524258E-01
    5.3547474250E+01   -1.1024107310E+01    2.7908340602E+02    3.8642509960E+01    2.8174596908E+02    8.4793021815E-01    6.2930753529E+04    1.9098156958E+05    8.7406208905E-01
    5.5897937520E+01   -1.0832139080E+01    3.0480065208E+02    2.4857257081E+01    3.0581255818E+02    7.9017356623E-01    5.7039765179E+04    1.7954845071E+05    9.6197477031E-01
    5.8257283820E+01   -1.0785364750E+01    3.2549166614E+02    9.3765496141E+00    3.2562669486E+02    7.3893564788E-01    5.1962835615E+04    1.6908277638E+05    1.0377980999E+00
    6.0542934920E+01   -1.0822920750E+01    3.3473155976E+02   -3.0422392568E+00    3.3474538431E+02    7.1311332079E-01    4.9464523257E+04    1.6361507658E+05    1.0741945392E+00
    6.3387668370E+01   -1.0869665670E+01    3.3710831685E+02   -7.0895957227E+00    3.3718285789E+02    7.0683830684E-01    4.8853610610E+04    1.6231505575E+05    1.0839597976E+00
    6.6928278510E+01   -1.0927847880E+01    3.4243787183E+02   -6.7783618676E+00    3.4250495216E+02    6.9602988066E-01    4.7805942419E+04    1.6034036420E+05    1.1045257306E+00
    7.1335040140E+01   -1.1000266600E+01    3.5065801881E+02   -6.0274919762E+00    3.5070981854E+02    6.7585270170E-01    4.5878564667E+04    1.5626046638E+05    1.1376404429E+00
    7.6819904930E+01   -1.1090406260E+01    3.5987869083E+02   -5.8912169380E+00    3.5992690723E+02    6.5369159956E-01    4.3790839161E+04    1.5181911445E+05    1.1752902003E+00
    8.3646704750E+01   -1.1202604360E+01    3.6807163345E+02   -6.1008679702E+00    3.6812219159E+02    6.3132852746E-01    4.1716158805E+04    1.4706730762E+05    1.2103292584E+00
    9.2143852340E+01   -1.1342260220E+01    3.7600792234E+02   -6.2943983038E+00    3.7606060298E+02    6.1244948991E-01    3.9986841866E+04    1.4327389105E+05    1.2438568616E+00
    1.0272015028E+02   -1.1516094970E+01    3.7994302976E+02   -6.3389910455E+00    3.7999590613E+02    5.9596875577E-01    3.8494811976E+04    1.3926504698E+05    1.2636463423E+00
    1.1588445383E+02   -1.1732475150E+01    3.7994301468E+02   -6.3389896497E+00    3.7999589102E+02    5.9596878333E-01    3.8494814434E+04    1.3926505169E+05    1.2636462809E+00
   -3.4244493700E+00   -2.5389355320E+01    8.2759165671E+01    0.0000000000E+00    8.2759165671E+01    1.1634568359E+00    9.7317096280E+04    2.4727704488E+05    2.4184251616E-01
    7.3651011700E+00   -2.2336822080E+01    8.2759165705E+01    1.5584823844E+01    8.4213812658E+01    1.1835257367E+00    9.9860611112E+04    2.5384829007E+05    2.4502537104E-01
    1.6211961590E+01   -1.9833918240E+01    9.7089701172E+01    2.3727106517E+01    9.9946914196E+01    1.1635585949E+00    9.7574739067E+04    2.4974846544E+05    2.9169622063E-01
    2.3465973270E+01   -1.7781671750E+01    1.0943159378E+02    2.9540536303E+01    1.1334865241E+02    1.1505661025E+00    9.6120383842E+04    2.4769214850E+05    3.3143653699E-01
    2.9413995930E+01   -1.6098927260E+01    1.2342914644E+02    3.4254594026E+01    1.2809422860E+02    1.1321844578E+00    9.4022895053E+04    2.4434575331E+05    3.7567070470E-01
    3.4291232380E+01   -1.4719142240E+01    1.3758648830E+02    3.8494984766E+01    1.4287024048E+02    1.1127808347E+00    9.1816440815E+04    2.4089809072E+05    4.2036093530E-01
    3.8290524370E+01   -1.3587757280E+01    1.5263299266E+02    4.2438039051E+01    1.5842290745E+02    1.0899298156E+00    8.9218017241E+04    2.3672247296E+05    4.6797962432E-01
    4.1569977270E+01   -1.2660039290E+01    1.6846438714E+02    4.5896527756E+01    1.7460452741E+02    1.0643871269E+00    8.6334393355E+04    2.3206083072E+05    5.1814268177E-01
    4.4259214110E+01   -1.1899312610E+01    1.8527550340E+02    4.8473416477E+01    1.9151157736E+02    1.0352037596E+00    8.3055494317E+04    2.2662265651E+05    5.7142567775E-01
    4.6464505540E+01   -1.1275508220E+01    2.0310594905E+02    4.9414365042E+01    2.0903063415E+02    1.0031023195E+00    7.9493466565E+04    2.2064834549E+05    6.2755648163E-01
    4.8749833090E+01   -1.0716465510E+01    2.2424421542E+02    4.7578583675E+01    2.2923610050E+02    9.6393876675E-01    7.5203169315E+04    2.1333502388E+05    6.9362645018E-01
    5.1074933610E+01   -1.0282610490E+01    2.4804221688E+02    4.2094147246E+01    2.5158866943E+02    9.1729281458E-01    7.0179108283E+04    2.0447864749E+05    7.6873584744E-01
    5.3429410000E+01   -9.9768544500E+00    2.7250123295E+02    3.3557906880E+01    2.7455974773E+02    8.6649754656E-01    6.4814066870E+04    1.9469478331E+05    8.4844145788E-01
    5.5802659770E+01   -9.8012510800E+00    2.9706463031E+02    2.1624524261E+01    2.9785065827E+02    8.1234728701E-01    5.9235365296E+04    1.8412211397E+05    9.3221240561E-01
    5.8183946580E+01   -9.7569836600E+00    3.1858595096E+02    8.1249981163E+00    3.1868954132E+02    7.6095041885E-01    5.4072638903E+04    1.7382380999E+05    1.0103996591E+00
    6.0480449870E+01   -9.7909973100E+00    3.3161819986E+02   -3.5939862766E+00    3.3163767460E+02    7.2650217448E-01    5.0703859952E+04    1.6671129299E+05    1.0609570220E+00
    6.3336991030E+01   -9.8333085300E+00    3.3713855634E+02   -7.7775231393E+00    3.3722825510E+02    7.1093810723E-01    4.9198273774E+04    1.6342065466E+05    1.0834301122E+00
    6.6890192450E+01   -9.8859417600E+00    3.4315786088E+02   -6.9685968876E+00    3.4322861015E+02    6.9688812548E-01    4.7847084748E+04    1.6066647090E+05    1.1070653426E+00
    7.1310018090E+01   -9.9514159200E+00    3.5112846202E+02   -5.6281756227E+00    3.5117356563E+02    6.7631462441E-01    4.5889424266E+04    1.5642609200E+05    1.1393991317E+00
    7.6807912830E+01   -1.0032864870E+01    3.6005754629E+02   -5.2370516687E+00    3.6009563085E+02    6.5419772614E-01    4.3810804228E+04    1.5194154835E+05    1.1760282019E+00
    8.3646928990E+01   -1.0134187500E+01    3.6809391245E+02   -5.4233595603E+00    3.6813386317E+02    6.3177099528E-01    4.1733467687E+04    1.4714327459E+05    1.2105405898E+00
    9.2154324430E+01   -1.0260234460E+01    3.7595752082E+02   -5.6409303411E+00    3.7599983717E+02    6.1277308318E-01    3.9995308057E+04    1.4330393633E+05    1.2438527079E+00
    1.0273723471E+02   -1.0417040520E+01    3.7985990654E+02   -5.7088635131E+00    3.7990280299E+02    5.9621549637E-01    3.8497880629E+04    1.3926944209E+05    1.2635478674E+00
    1.1590215597E+02   -1.0612113640E+01    3.7985989260E+02   -5.7088621023E+00    3.7990278903E+02    5.9621552390E-01    3.8497883089E+04    1.3926944707E+05    1.2635478098E+00
   -4.2738442500E+00   -2.2184900350E+01    8.6271110843E+01    0.0000000000E+00    8.6271110843E+01    1.1605101401E+00    9.6972205130E+04    2.4674917988E+05    2.5223317481E-01
    6.6478971600E+00   -1.9515423210E+01    8.6271110872E+01    1.2723161226E+01    8.7204262526E+01    1.1790510549E+00    9.9289991796E+04    2.5270807553E+05    2.5397283335E-01
    1.5606661130E+01   -1.7325743600E+01    9.8919586588E+01    2.0062157678E+01    1.0093351664E+02    1.1624432932E+00    9.7404086799E+04    2.4943145599E+05    2.9469223025E-01
    2.2955320460E+01   -1.5529615580E+01    1.1095126300E+02    2.5457917399E+01    1.1383447773E+02    1.1497823804E+00    9.5989990403E+04    2.4742458180E+05    3.3296965179E-01
    2.8983332170E+01   -1.4056291840E+01    1.2478858772E+02    2.9712813541E+01    1.2827721120E+02    1.1317830074E+00    9.3941129945E+04    2.4416459384E+05    3.7630430477E-01
    3.3928121050E+01   -1.2847741360E+01    1.3900463176E+02    3.3459511865E+01    1.4297491593E+02    1.1123922602E+00    9.1739314019E+04    2.4071794989E+05    4.2077222748E-01
    3.7984425620E+01   -1.1856365270E+01    1.5409854717E+02    3.6806950731E+01    1.5843331045E+02    1.0895965295E+00    8.9149944740E+04    2.3654990512E+05    4.6811741217E-01
    4.1311967090E+01   -1.1043122710E+01    1.6984670611E+02    3.9586545070E+01    1.7439896252E+02    1.0643256467E+00    8.6298765333E+04    2.3193264461E+05    5.1762453298E-01
    4.4041742670E+01   -1.0375992950E+01    1.8622086919E+02    4.1417672545E+01    1.9077116061E+02    1.0359909747E+00    8.3115626420E+04    2.2664080512E+05    5.6922681276E-01
    4.6281190000E+01   -9.8287136300E+00    2.0297112447E+02    4.1891333452E+01    2.0724903181E+02    1.0058078621E+00    7.9765633635E+04    2.2101489480E+05    6.2198240005E-01
    4.8595101130E+01   -9.3407358100E+00    2.2243248333E+02    4.0502924844E+01    2.2609001871E+02    9.6933396003E-01    7.5768259538E+04    2.1419522380E+05    6.8345579536E-01
    5.0943648260E+01   -8.9617716300E+00    2.4438286747E+02    3.6469019678E+01    2.4708900281E+02    9.2542717886E-01    7.1033676800E+04    2.0583423335E+05    7.5375182463E-01
    5.3317779820E+01   -8.6943694800E+00    2.6722055409E+02    3.0106387774E+01    2.6891117328E+02    8.7716104968E-01    6.5921356332E+04    1.9651856042E+05    8.2903226251E-01
    5.5708264180E+01   -8.5403327900E+00    2.9051163722E+02    2.0927651836E+01    2.9126444680E+02    8.2506358597E-01    6.0534255663E+04    1.8633276473E+05    9.0879633002E-01
    5.8105751720E+01   -8.5007089600E+00    3.1195371661E+02    1.0327276134E+01    3.1212461284E+02    7.7395248488E-01    5.5367203020E+04    1.7611791956E+05    9.8626780341E-01
    6.0414966400E+01   -8.5303856400E+00    3.2728021943E+02   -4.9503579784E-01    3.2728059382E+02    7.3462535671E-01    5.1493962311E+04    1.6807871703E+05    1.0447467734E+00
    6.3285253050E+01   -8.5672758700E+00    3.3554617403E+02   -6.1420304549E+00    3.3560238296E+02    7.1218666558E-01    4.9313091268E+04    1.6338914971E+05    1.0778959078E+00
    6.6852991140E+01   -8.6131333500E+00    3.4264754288E+02   -6.1737935348E+00    3.4270315780E+02    6.9558512459E-01    4.7710983650E+04    1.6012411463E+05    1.1059106645E+00
    7.1287723850E+01   -8.6701386800E+00    3.5069613611E+02   -4.8929564026E+00    3.5073026802E+02    6.7543037396E-01    4.5791038903E+04    1.5602052358E+05    1.1384377133E+00
    7.6800225540E+01   -8.7410029000E+00    3.5960583966E+02   -4.4873527401E+00    3.5963383636E+02    6.5405609740E-01    4.3781171111E+04    1.5174958977E+05    1.1747902679E+00
    8.3652531920E+01   -8.8290965700E+00    3.6772837729E+02   -4.7120281491E+00    3.6775856574E+02    6.3192365784E-01    4.1730698311E+04    1.4705943388E+05    1.2094927249E+00
    9.2170409630E+01   -8.9386101600E+00    3.7569283770E+02   -4.9432695838E+00    3.7572535743E+02    6.1294745137E-01    3.9994673650E+04    1.4325144029E+05    1.2431313862E+00
    1.0275885745E+02   -9.0747535200E+00    3.7966679703E+02   -4.9954167272E+00    3.7969965888E+02    5.9638278018E-01    3.8497093242E+04    1.3923353179E+05    1.2630622849E+00
    1.1592136501E+02   -9.2440038400E+00    3.7966678393E+02   -4.9954153619E+00    3.7969964577E+02    5.9638280769E-01    3.8497095702E+04    1.3923353695E+05    1.2630622301E+00
   -5.1551058600E+00   -1.8233912820E+01    8.9621567632E+01    0.0000000000E+00    8.9621567632E+01    1.1575892439E+00    9.6630679181E+04    2.4622559105E+05    2.6216109582E-01
    5.9120680500E+00   -1.6037859170E+01    8.9621567658E+01    9.9386070870E+00    9.0170955969E+01    1.1735730178E+00    9.8610835605E+04    2.5129813352E+05    2.6290291084E-01
    1.4994471660E+01   -1.4235646750E+01    1.0073529223E+02    1.6044259874E+01    1.0200498702E+02    1.1602171893E+00    9.7110657206E+04    2.4881268302E+05    2.9798444088E-01
    2.2448120690E+01   -1.2756632780E+01    1.1245857935E+02    2.0655560697E+01    1.1433977549E+02    1.1480790912E+00    9.5760132900E+04    2.4690508662E+05    3.3460070450E-01
    2.8565187600E+01   -1.1542842250E+01    1.2613428303E+02    2.4242157544E+01    1.2844274817E+02    1.1305727694E+00    9.3774095726E+04    2.4376107381E+05    3.7692365118E-01
    3.3585439280E+01   -1.0546698350E+01    1.4040487440E+02    2.7348949647E+01    1.4304367795E+02    1.1112197138E+00    9.1581098814E+04    2.4032135468E+05    4.2111595312E-01
    3.7705629010E+01   -9.7291588800E+00    1.5551068720E+02    3.0018618604E+01    1.5838147397E+02    1.0885010342E+00    8.9004650329E+04    2.3616398203E+05    4.6811055785E-01
    4.1087207090E+01   -9.0581864300E+00    1.7110277648E+02    3.2107324126E+01    1.7408917364E+02    1.0635605941E+00    8.6193586517E+04    2.3160065323E+05    5.1683437229E-01
    4.3862651590E+01   -8.5074922600E+00    1.8694466439E+02    3.3288884728E+01    1.8988537962E+02    1.0361960181E+00    8.3121173996E+04    2.2648371378E+05    5.6662095872E-01
    4.6140666000E+01   -8.0555052300E+00    2.0258118136E+02    3.3379939228E+01    2.0531282324E+02    1.0080893008E+00    8.0000240945E+04    2.2124777564E+05    6.1596482516E-01
    4.8476822510E+01   -7.6555073200E+00    2.2032741062E+02    3.2112325347E+01    2.2265527012E+02    9.7502089822E-01    7.6371094409E+04    2.1509624658E+05    6.7237478174E-01
    5.0841350160E+01   -7.3448003800E+00    2.4038911196E+02    2.8859182906E+01    2.4211521552E+02    9.3533313750E-01    7.2075966170E+04    2.0760442567E+05    7.3713322968E-01
    5.3226837000E+01   -7.1254835900E+00    2.6149344660E+02    2.3902771406E+01    2.6258363448E+02    8.9132777668E-01    6.7388667787E+04    1.9920026814E+05    8.0710292703E-01
    5.5625722490E+01   -6.9990475800E+00    2.8341393836E+02    1.6801434527E+01    2.8391151554E+02    8.4311216268E-01    6.2362262349E+04    1.8988549941E+05    8.8226842427E-01
    5.8030348200E+01   -6.9663654600E+00    3.0433304027E+02    8.6409291322E+00    3.0445568652E+02    7.9424506431E-01    5.7373663010E+04    1.8024474166E+05    9.5737271384E-01
    6.0354140500E+01   -6.9907111600E+00    3.2200397027E+02   -3.3215496410E-01    3.2200414158E+02    7.5088048086E-01    5.3056049268E+04    1.7156827043E+05    1.0238006320E+00
    6.3240039320E+01   -7.0209487600E+00    3.3402629461E+02   -5.8675154896E+00    3.3407782511E+02    7.1896927758E-01    4.9941290038E+04    1.6497458423E+05    1.0712946105E+00
    6.6824071790E+01   -7.0585044400E+00    3.4296616976E+02   -5.9504761608E+00    3.4301778637E+02    6.9658242779E-01    4.7784075423E+04    1.6044055135E+05    1.1068717052E+00
    7.1275197690E+01   -7.1051500400E+00    3.5108785613E+02   -4.3208210528E+00    3.5111444319E+02    6.7538095718E-01    4.5768154969E+04    1.5605132626E+05    1.1399278910E+00
    7.6803285570E+01   -7.1630865600E+00    3.5969180656E+02   -3.6465168773E+00    3.5971029009E+02    6.5434840384E-01    4.3792516161E+04    1.5181484879E+05    1.1751503062E+00
    8.3669020900E+01   -7.2350480800E+00    3.6766555044E+02   -3.7916822757E+00    3.6768510146E+02    6.3232568548E-01    4.1753323172E+04    1.4712610051E+05    1.2093079366E+00
    9.2196213100E+01   -7.3244309200E+00    3.7558782904E+02   -4.0130556318E+00    3.7560926764E+02    6.1323010744E-01    4.0007076644E+04    1.4327565533E+05    1.2428411007E+00
    1.0278708136E+02   -7.4354539500E+00    3.7954056579E+02   -4.0734119000E+00    3.7956242407E+02    5.9657039723E-01    3.8501531418E+04    1.3922707130E+05    1.2627315779E+00
    1.1594123145E+02   -7.5733578700E+00    3.7954055331E+02   -4.0734106840E+00    3.7956241157E+02    5.9657042472E-01    3.8501533879E+04    1.3922707660E+05    1.2627315251E+00
   -5.9964345900E+00   -1.3362947100E+01    9.2575654171E+01    0.0000000000E+00    9.2575654171E+01    1.1549254490E+00    9.6319515172E+04    2.4574778885E+05    2.7092719675E-01
    5.2161465600E+00   -1.1752812630E+01    9.2575654195E+01    6.8229068760E+00    9.2826740801E+01    1.1691847637E+00    9.8069049875E+04    2.5020994255E+05    2.7088482363E-01
    1.4423253910E+01   -1.0430663410E+01    1.0250815593E+02    1.1390299661E+01    1.0313903702E+02    1.1582497032E+00    9.6854236362E+04    2.4829612473E+05    3.0143997322E-01
    2.1983651180E+01   -9.3449799500E+00    1.1393248758E+02    1.4914984406E+01    1.1490460603E+02    1.1465385347E+00    9.5556155262E+04    2.4645930155E+05    3.3638638859E-01
    2.8191934920E+01   -8.4534576600E+00    1.2743576834E+02    1.7629582668E+01    1.2864943544E+02    1.1294559743E+00    9.3624992595E+04    2.4340911213E+05    3.7764402882E-01
    3.3290003650E+01   -7.7213597500E+00    1.4172997901E+02    1.9930097539E+01    1.4312440651E+02    1.1101302752E+00    9.1439823996E+04    2.3996984494E+05    4.2147222862E-01
    3.7476477340E+01   -7.1201645300E+00    1.5680771587E+02    2.1824902016E+01    1.5831925374E+02    1.0874941198E+00    8.8876990025E+04    2.3582148756E+05    4.6804596536E-01
    4.0914434980E+01   -6.6264542400E+00    1.7222296960E+02    2.3216027605E+01    1.7378071008E+02    1.0628694143E+00    8.6104312070E+04    2.3130996760E+05    5.1601824079E-01
    4.3737770880E+01   -6.2210022000E+00    1.8757848499E+02    2.3884675816E+01    1.8909300825E+02    1.0362822602E+00    8.3121409452E+04    2.2633026377E+05    5.6427919179E-01
    4.6056416230E+01   -5.8880229900E+00    2.0239226255E+02    2.3796902423E+01    2.0378645810E+02    1.0096188101E+00    8.0160397652E+04    2.2136518378E+05    6.1123763750E-01
    4.8408137220E+01   -5.5958914200E+00    2.1890297193E+02    2.2904074444E+01    2.2009795034E+02    9.7862320232E-01    7.6757901218E+04    2.1559852766E+05    6.6419895633E-01
    5.0780590450E+01   -5.3690054800E+00    2.3756509338E+02    2.0783371236E+01    2.3847247664E+02    9.4145200974E-01    7.2727878909E+04    2.0858947193E+05    7.2514169406E-01
    5.3168361700E+01   -5.2089091700E+00    2.5725580163E+02    1.7634868093E+01    2.5785952774E+02    8.9996566902E-01    6.8298997956E+04    2.0066754475E+05    7.9108831640E-01
    5.5565927200E+01   -5.1167032100E+00    2.7803816687E+02    1.3035748026E+01    2.7834358797E+02    8.5414436577E-01    6.3500225878E+04    1.9183804739E+05    8.6277034365E-01
    5.7967690580E+01   -5.0930386100E+00    2.9824291778E+02    7.7352642941E+00    2.9834321230E+02    8.0684871633E-01    5.8647448332E+04    1.8252688733E+05    9.3524121883E-01
    6.0307875150E+01   -5.1107941200E+00    3.1713837443E+02    1.4241145177E+00    3.1714157191E+02    7.6144370324E-01    5.4095021390E+04    1.7353009155E+05    1.0056095938E+00
    6.3211094320E+01   -5.1328239300E+00    3.3207382413E+02   -3.5715738571E+00    3.3209303036E+02    7.2263297139E-01    5.0290269836E+04    1.6557374534E+05    1.0639290003E+00
    6.6812864390E+01   -5.1601571200E+00    3.4280832329E+02   -4.3655938943E+00    3.4283611964E+02    6.9525476011E-01    4.7649702654E+04    1.5998319867E+05    1.1067879983E+00
    7.1281332250E+01   -5.1940709200E+00    3.5107199894E+02   -3.1575015348E+00    3.5108619776E+02    6.7363247488E-01    4.5594511802E+04    1.5550276031E+05    1.1405253995E+00
    7.6825135030E+01   -5.2361502200E+00    3.5942362457E+02   -2.5799979406E+00    3.5943288426E+02    6.5371772860E-01    4.3724657905E+04    1.5153919460E+05    1.1745884105E+00
    8.3703152770E+01   -5.2883617100E+00    3.6735834091E+02   -2.7350412323E+00    3.6736852218E+02    6.3229246688E-01    4.1741190727E+04    1.4701995585E+05    1.2084105559E+00
    9.2236609220E+01   -5.3531458500E+00    3.7535023976E+02   -2.9440428087E+00    3.7536178531E+02    6.1329272008E-01    4.0004017233E+04    1.4321543271E+05    1.2421331150E+00
    1.0282408490E+02   -5.4335309500E+00    3.7936616446E+02   -2.9915801448E+00    3.7937795968E+02    5.9664726779E-01    3.8500000403E+04    1.3918701648E+05    1.2622243085E+00
    1.1596013811E+02   -5.5332747900E+00    3.7936615243E+02   -2.9915791835E+00    3.7937794764E+02    5.9664729526E-01    3.8500002862E+04    1.3918702188E+05    1.2622242572E+00
   -6.6704928300E+00   -7.3647144600E+00    9.4742096663E+01    0.0000000000E+00    9.4742096663E+01    1.1529194291E+00    9.6085376767E+04    2.4538778172E+05    2.7736381615E-01
    4.6581115200E+00   -6.4783326400E+00    9.4742096686E+01    3.5318908870E+00    9.4807906514E+01    1.1654092266E+00    9.7610157491E+04    2.4926305695E+05    2.7686767794E-01
    1.3967113450E+01   -5.7499635300E+00    1.0386815045E+02    6.0664616014E+00    1.0404515671E+02    1.1558495092E+00    9.6558256657E+04    2.4765190518E+05    3.0423823244E-01
    2.1616603960E+01   -5.1514304700E+00    1.1503576307E+02    8.0575556699E+00    1.1531760919E+02    1.1444191078E+00    9.5296932361E+04    2.4585165995E+05    3.3774171303E-01
    2.7902475700E+01   -4.6595809700E+00    1.2838441925E+02    9.5936037072E+00    1.2874236420E+02    1.1276739417E+00    9.3411392960E+04    2.4287385259E+05    3.7805005933E-01
    3.3067867310E+01   -4.2553912100E+00    1.4266809402E+02    1.0876710778E+01    1.4308210191E+02    1.1084028682E+00    9.1238100073E+04    2.3944113233E+05    4.2148487787E-01
    3.7312563820E+01   -3.9232302900E+00    1.5768490595E+02    1.1902327522E+01    1.5813347199E+02    1.0858963155E+00    8.8695013040E+04    2.3531460009E+05    4.6763215635E-01
    4.0800723150E+01   -3.6502555300E+00    1.7291482712E+02    1.2621114642E+01    1.7337482508E+02    1.0616061517E+00    8.5963495124E+04    2.3086405722E+05    5.1492822649E-01
    4.3667227040E+01   -3.4259153100E+00    1.8786150138E+02    1.2924270405E+01    1.8830555081E+02    1.0357340153E+00    8.3063369793E+04    2.2602146059E+05    5.6197688290E-01
    4.6022901230E+01   -3.2415403800E+00    2.0207359934E+02    1.2821276832E+01    2.0247993651E+02    1.0102232201E+00    8.0230293566E+04    2.2128436269E+05    6.0723593004E-01
    4.8386804760E+01   -3.0809501100E+00    2.1766166545E+02    1.2313235758E+01    2.1800967039E+02    9.8097840029E-01    7.7018507423E+04    2.1585834539E+05    6.5757291099E-01
    5.0762120780E+01   -2.9562725900E+00    2.3525806003E+02    1.1163773639E+01    2.3552279009E+02    9.4618943778E-01    7.3239195582E+04    2.0934101885E+05    7.1546136164E-01
    5.3145870510E+01   -2.8683655600E+00    2.5378553101E+02    9.5079273062E+00    2.5396357304E+02    9.0737307182E-01    6.9083790318E+04    2.0197112153E+05    7.7787940859E-01
    5.5535014160E+01   -2.8178438200E+00    2.7360931554E+02    7.1206789425E+00    2.7370195764E+02    8.6437206599E-01    6.4558303029E+04    1.9377200684E+05    8.4642443924E-01
    5.7926471090E+01   -2.8050758000E+00    2.9308542183E+02    4.3703232214E+00    2.9311800391E+02    8.1931092052E-01    5.9908771863E+04    1.8496877476E+05    9.1613112896E-01
    6.0284896260E+01   -2.8146985600E+00    3.1253361090E+02    1.0118259075E+00    3.1253524878E+02    7.7389176590E-01    5.5323298871E+04    1.7610445615E+05    9.8791838205E-01
    6.3207071230E+01   -2.8266229700E+00    3.2997889562E+02   -2.0793327105E+00    3.2998544692E+02    7.2994276558E-01    5.0992803587E+04    1.6722388707E+05    1.0551658533E+00
    6.6827789080E+01   -2.8413995900E+00    3.4282635930E+02   -2.8031182494E+00    3.4283781896E+02    6.9681593598E-01    4.7794432081E+04    1.6043717585E+05    1.1063564960E+00
    7.1314080610E+01   -2.8597108000E+00    3.5153322035E+02   -1.9984851052E+00    3.5153890105E+02    6.7325910598E-01    4.5555730642E+04    1.5548987176E+05    1.1421653551E+00
    7.6872925810E+01   -2.8824023000E+00    3.5960849758E+02   -1.4714339940E+00    3.5961150795E+02    6.5368630716E-01    4.3717946584E+04    1.5156236580E+05    1.1752340877E+00
    8.3760809580E+01   -2.9105221200E+00    3.6737005844E+02   -1.4892362986E+00    3.6737307694E+02    6.3255154738E-01    4.1760917157E+04    1.4708781307E+05    1.2083875861E+00
    9.2295561990E+01   -2.9453690500E+00    3.7531450811E+02   -1.6031418701E+00    3.7531793198E+02    6.1348985215E-01    4.0017628435E+04    1.4325325034E+05    1.2419763180E+00
    1.0287102821E+02   -2.9885526000E+00    3.7930657180E+02   -1.6314099138E+00    3.7931008016E+02    5.9676469161E-01    3.8506121807E+04    1.3919540375E+05    1.2620223205E+00
    1.1597524390E+02   -3.0420673400E+00    3.7930656008E+02   -1.6314093549E+00    3.7931006843E+02    5.9676471904E-01    3.8506124264E+04    1.3919540921E+05    1.2620222702E+00
   -6.9630203200E+00    0.0000000000E+00    9.5566195607E+01    0.0000000000E+00    9.5566195607E+01    1.1521447317E+00    9.5994999316E+04    2.4524870830E+05    2.7981403484E-01
    4.4008166800E+00    0.0000000000E+00    9.5566195629E+01   -2.7713054907E-14    9.5566195629E+01    1.1639441906E+00    9.7432987806E+04    2.4889756115E+05    2.7916010183E-01
    1.3746858780E+01    0.0000000000E+00    1.0441910741E+02    3.3556511007E-14    1.0441910741E+02    1.1547468295E+00    9.6424469011E+04    2.4735647694E+05    3.0539767041E-01
    2.1433400420E+01    0.0000000000E+00    1.1548912576E+02    1.0610590706E-14    1.1548912576E+02    1.1433348554E+00    9.5167606488E+04    2.4554376669E+05    3.3831341912E-01
    2.7755105560E+01    0.0000000000E+00    1.2877461335E+02   -1.7754680425E-15    1.2877461335E+02    1.1266526140E+00    9.3292813168E+04    2.4257361732E+05    3.7821361321E-01
    3.2954317080E+01    0.0000000000E+00    1.4304515746E+02    2.9757296165E-14    1.4304515746E+02    1.1073591090E+00    9.1120108806E+04    2.3912961714E+05    4.2145020427E-01
    3.7230347020E+01    0.0000000000E+00    1.5802520929E+02   -1.7139455319E-14    1.5802520929E+02    1.0848839454E+00    8.8583494099E+04    2.3500457817E+05    4.6738803912E-01
    4.0747117210E+01    0.0000000000E+00    1.7316918822E+02   -4.6480053230E-14    1.7316918822E+02    1.0607225940E+00    8.5868665183E+04    2.3057590828E+05    5.1438720480E-01
    4.3639443200E+01    0.0000000000E+00    1.8795186524E+02   -1.0771457866E-14    1.8795186524E+02    1.0351270090E+00    8.3001218133E+04    2.2578644382E+05    5.6096686517E-01
    4.6018202460E+01    0.0000000000E+00    2.0194771145E+02   -3.0425021528E-14    2.0194771145E+02    1.0100217413E+00    8.0213712738E+04    2.2113007865E+05    6.0564197926E-01
    4.8396961720E+01    0.0000000000E+00    2.1721156033E+02   -4.8918589726E-15    2.1721156033E+02    9.8136829955E-01    7.7066902342E+04    2.1581815698E+05    6.5509001296E-01
    5.0775720980E+01    0.0000000000E+00    2.3445864480E+02   -1.9224003552E-14    2.3445864480E+02    9.4732276699E-01    7.3366421634E+04    2.0945362585E+05    7.1203698285E-01
    5.3154480230E+01    0.0000000000E+00    2.5260696725E+02   -4.4279258540E-15    2.5260696725E+02    9.0924804161E-01    6.9287474401E+04    2.0222837202E+05    7.7338390305E-01
    5.5533239490E+01    0.0000000000E+00    2.7212271965E+02   -1.6535049742E-14    2.7212271965E+02    8.6702444098E-01    6.4837710853E+04    1.9419619284E+05    8.4101282444E-01
    5.7911998750E+01    0.0000000000E+00    2.9137326801E+02   -3.3144267569E-14    2.9137326801E+02    8.2250092412E-01    6.0236265669E+04    1.8550516271E+05    9.0996536884E-01
    6.0290758010E+01    0.0000000000E+00    3.1096737057E+02   -1.5111520204E-14    3.1096737057E+02    7.7701666014E-01    5.5635153602E+04    1.7665691364E+05    9.8218053555E-01
    6.3233671320E+01    0.0000000000E+00    3.2929313347E+02   -2.0941801973E-14    3.2929313347E+02    7.3122408684E-01    5.1115867770E+04    1.6743443395E+05    1.0526064631E+00
    6.6874535250E+01    0.0000000000E+00    3.4292672028E+02   -2.1671111891E-14    3.4292672028E+02    6.9589972789E-01    4.7705030947E+04    1.6018104138E+05    1.1069513913E+00
    7.1378877970E+01    0.0000000000E+00    3.5173130537E+02   -2.5491368292E-14    3.5173130537E+02    6.7176951178E-01    4.5412978760E+04    1.5508639964E+05    1.1433183031E+00
    7.6951484820E+01    0.0000000000E+00    3.5959863340E+02   -1.3454017651E-14    3.5959863340E+02    6.5277656216E-01    4.3630743453E+04    1.5128251146E+05    1.1755469648E+00
    8.3845708720E+01    0.0000000000E+00    3.6725905939E+02   -3.4272655386E-14    3.6725905939E+02    6.3218678767E-01    4.1725076530E+04    1.4694712069E+05    1.2081827656E+00
    9.2374988520E+01    0.0000000000E+00    3.7520687090E+02   -5.3954952057E-14    3.7520687090E+02    6.1335767580E-01    4.0003647476E+04    1.4318342559E+05    1.2416919668E+00
    1.0292709926E+02    0.0000000000E+00    3.7923687445E+02   -2.5047847904E-14    3.7923687445E+02    5.9674323942E-01    3.8502471730E+04    1.3916816677E+05    1.2618158814E+00
    1.1598178864E+02    0.0000000000E+00    3.7923686284E+02   -2.5159758331E-14    3.7923686284E+02    5.9674326683E-01    3.8502474185E+04    1.3916817225E+05    1.2618158315E+00
   -6.6704928300E+00    7.3647144600E+00    9.4742096663E+01   -0.0000000000E+00    9.4742096663E+01    1.1529194291E+00    9.6085376767E+04    2.4538778172E+05    2.7736381615E-01
    4.6581115200E+00    6.4783326400E+00    9.4742096663E+01   -3.5318908875E+00    9.4807906492E+01    1.1654092266E+00    9.7610157493E+04    2.4926305695E+05    2.7686767788E-01
    1.3967113450E+01    5.7499635300E+00    1.0386815043E+02   -6.0664616019E+00    1.0404515669E+02    1.1558495092E+00    9.6558256659E+04    2.4765190518E+05    3.0423823238E-01
    2.1616603960E+01    5.1514304700E+00    1.1503576305E+02   -8.0575556702E+00    1.1531760917E+02    1.1444191078E+00    9.5296932363E+04    2.4585165995E+05    3.3774171297E-01
    2.7902475700E+01    4.6595809700E+00    1.2838441923E+02   -9.5936037065E+00    1.2874236418E+02    1.1276739417E+00    9.3411392962E+04    2.4287385259E+05    3.7805005927E-01
    3.3067867310E+01    4.2553912100E+00    1.4266809399E+02   -1.0876710777E+01    1.4308210189E+02    1.1084028682E+00    9.1238100075E+04    2.3944113233E+05    4.2148487781E-01
    3.7312563820E+01    3.9232302900E+00    1.5768490592E+02   -1.1902327519E+01    1.5813347197E+02    1.0858963155E+00    8.8695013042E+04    2.3531460009E+05    4.6763215628E-01
    4.0800723150E+01    3.6502555300E+00    1.7291482709E+02   -1.2621114638E+01    1.7337482505E+02    1.0616061518E+00    8.5963495128E+04    2.3086405722E+05    5.1492822639E-01
    4.3667227040E+01    3.4259153100E+00    1.8786150134E+02   -1.2924270398E+01    1.8830555077E+02    1.0357340154E+00    8.3063369797E+04    2.2602146060E+05    5.6197688278E-01
    4.6022901230E+01    3.2415403800E+00    2.0207359929E+02   -1.2821276825E+01    2.0247993646E+02    1.0102232202E+00    8.0230293574E+04    2.2128436270E+05    6.0723592989E-01
    4.8386804760E+01    3.0809501100E+00    2.1766166539E+02   -1.2313235749E+01    2.1800967033E+02    9.8097840037E-01    7.7018507432E+04    2.1585834541E+05    6.5757291080E-01
    5.0762120780E+01    2.9562725900E+00    2.3525805995E+02   -1.1163773630E+01    2.3552279001E+02    9.4618943792E-01    7.3239195597E+04    2.0934101887E+05    7.1546136138E-01
    5.3145870510E+01    2.8683655600E+00    2.5378553091E+02   -9.5079272949E+00    2.5396357294E+02    9.0737307201E-01    6.9083790337E+04    2.0197112156E+05    7.7787940824E-01
    5.5535014160E+01    2.8178438200E+00    2.7360931539E+02   -7.1206789333E+00    2.7370195749E+02    8.6437206628E-01    6.4558303060E+04    1.9377200689E+05    8.4642443871E-01
    5.7926471090E+01    2.8050758000E+00    2.9308542161E+02   -4.3703232117E+00    2.9311800369E+02    8.1931092097E-01    5.9908771909E+04    1.8496877484E+05    9.1613112817E-01
    6.0284896260E+01    2.8146985600E+00    3.1253361052E+02   -1.0118259121E+00    3.1253524841E+02    7.7389176670E-01    5.5323298951E+04    1.7610445630E+05    9.8791838066E-01
    6.3207071230E+01    2.8266229700E+00    3.2997889496E+02    2.0793326709E+00    3.2998544626E+02    7.2994276705E-01    5.0992803730E+04    1.6722388735E+05    1.0551658508E+00
    6.6827789080E+01    2.8413995900E+00    3.4282635815E+02    2.8031181653E+00    3.4283781780E+02    6.9681593859E-01    4.7794432330E+04    1.6043717635E+05    1.1063564914E+00
    7.1314080610E+01    2.8597108000E+00    3.5153321847E+02    1.9984850164E+00    3.5153889917E+02    6.7325911026E-01    4.5555731044E+04    1.5548987258E+05    1.1421653475E+00
    7.6872925810E+01    2.8824023000E+00    3.5960849435E+02    1.4714338375E+00    3.5961150471E+02    6.5368631438E-01    4.3717947256E+04    1.5156236718E+05    1.1752340746E+00
    8.3760809580E+01    2.9105221200E+00    3.6737005297E+02    1.4892360598E+00    3.6737307148E+02    6.3255155962E-01    4.1760918280E+04    1.4708781544E+05    1.2083875635E+00
    9.2295561990E+01    2.9453690500E+00    3.7531449909E+02    1.6031413800E+00    3.7531792295E+02    6.1348987195E-01    4.0017630228E+04    1.4325325414E+05    1.2419762803E+00
    1.0287102821E+02    2.9885526000E+00    3.7930656008E+02    1.6314093549E+00    3.7931006843E+02    5.9676471904E-01    3.8506124264E+04    1.3919540921E+05    1.2620222702E+00
    1.1597524390E+02    3.0420673400E+00    3.7930656008E+02    1.6314093549E+00    3.7931006843E+02    5.9676471904E-01    3.8506124264E+04    1.3919540921E+05    1.2620222702E+00
