 TITLE = "Projeto1" 
 VARIABLES = "X" "Y" "u" "v" "rho" "p" "i" "j" "e" 
 ZONE I =           24  J =          13  DATAPACKING = POINT
    8.4500000000E-06   -3.5279003140E+01    0.0000000000E+00    0.0000000000E+00    1.1977799324E+00    1.0136000000E+05    1.0000000000E+00    1.0000000000E+00    2.8232997705E+06
    1.0306326720E+01   -3.1045768330E+01    1.8791216682E+01   -3.2324409303E+01    1.5426421769E+00    1.1000944672E+04    2.0000000000E+00    1.0000000000E+00    2.5438383507E+05
    1.8746475060E+01   -2.7579047530E+01    2.7593954243E+01   -4.2107911810E+01    1.6288790972E+00    1.4976327999E+04    3.0000000000E+00    1.0000000000E+00    2.5529346492E+05
    2.5658349530E+01   -2.4740052520E+01    3.6750806078E+01   -5.4839264277E+01    1.7344400969E+00    2.0177305524E+04    4.0000000000E+00    1.0000000000E+00    2.5689029447E+05
    3.1318677600E+01   -2.2415119790E+01    4.7930445094E+01   -6.9581744984E+01    1.8642392327E+00    2.6940403233E+04    5.0000000000E+00    1.0000000000E+00    2.5960443239E+05
    3.5954079200E+01   -2.0511167100E+01    6.0698578717E+01   -8.5143757314E+01    2.0352779193E+00    3.5793306939E+04    6.0000000000E+00    1.0000000000E+00    2.6392438095E+05
    3.9750139730E+01   -1.8951966780E+01    7.3579300622E+01   -9.8926066469E+01    2.2789483743E+00    4.7623506438E+04    7.0000000000E+00    1.0000000000E+00    2.7015176340E+05
    4.2858840280E+01   -1.7675093850E+01    8.3389518660E+01   -1.0610636671E+02    2.6940152132E+00    6.3828613081E+04    8.0000000000E+00    1.0000000000E+00    2.7798409313E+05
    4.5404642460E+01   -1.6629426760E+01    8.0798583403E+01   -1.0404264541E+02    3.5246652796E+00    8.6200483682E+04    9.0000000000E+00    1.0000000000E+00    2.8575325784E+05
    4.7489471440E+01   -1.5773100850E+01    6.5134204605E+01   -1.1649861734E+02    4.0372043807E+00    1.0345040799E+05    1.0000000000E+01    1.0000000000E+00    2.9215178865E+05
    4.9607350680E+01   -1.5003262190E+01    5.2032098494E+01   -1.4322669442E+02    3.7733968582E+00    1.1001549566E+05    1.1000000000E+01    1.0000000000E+00    2.9950081986E+05
    5.1781269800E+01   -1.4409848660E+01    4.2369747048E+01   -1.6304855584E+02    3.5911560915E+00    1.1568391920E+05    1.2000000000E+01    1.0000000000E+00    3.0613774804E+05
    5.3996560260E+01   -1.3996868810E+01    3.0415834824E+01   -1.8579648125E+02    3.3989967899E+00    1.2020199364E+05    1.3000000000E+01    1.0000000000E+00    3.1449095300E+05
    5.6238272770E+01   -1.3767109600E+01    1.5016368595E+01   -2.1185997460E+02    3.2018023708E+00    1.2304237928E+05    1.4000000000E+01    1.0000000000E+00    3.2487080679E+05
    5.8491279600E+01   -1.3722117420E+01   -2.0536397732E+01   -2.6290250476E+02    2.8092573988E+00    1.2264247983E+05    1.5000000000E+01    1.0000000000E+00    3.4488105106E+05
    6.0744619520E+01   -1.3769711210E+01   -6.4967341304E+01   -2.8699130611E+02    2.3480230062E+00    1.0263291373E+05    1.6000000000E+01    1.0000000000E+00    3.4399461938E+05
    6.3553982470E+01   -1.3829049520E+01   -4.7437436026E+01   -2.1563194801E+02    2.2861409083E+00    7.9026309341E+04    1.7000000000E+01    1.0000000000E+00    3.0460276148E+05
    6.7056569970E+01   -1.3903029860E+01   -3.0414426535E+01   -1.7032848198E+02    2.2253437325E+00    6.2138100913E+04    1.8000000000E+01    1.0000000000E+00    2.8444107963E+05
    7.1423438710E+01   -1.3995265220E+01   -2.0648768815E+01   -1.3968821224E+02    2.1205385844E+00    4.9266113111E+04    1.9000000000E+01    1.0000000000E+00    2.7314296715E+05
    7.6867854440E+01   -1.4110260120E+01   -1.4291507016E+01   -1.1565827156E+02    2.0037094640E+00    3.9274172297E+04    2.0000000000E+01    1.0000000000E+00    2.6607619565E+05
    8.3655707370E+01   -1.4253630600E+01   -9.9856423106E+00   -9.5628540592E+01    1.8928762719E+00    3.1382504366E+04    2.1000000000E+01    1.0000000000E+00    2.6151825184E+05
    9.2118497430E+01   -1.4432378480E+01   -7.0342154952E+00   -7.8690803474E+01    1.7872961473E+00    2.5072927115E+04    2.2000000000E+01    1.0000000000E+00    2.5855152295E+05
    1.0266952384E+02   -1.4655233290E+01    1.9818336996E+00   -6.4221143846E+01    1.7049862428E+00    1.9986247884E+04    2.3000000000E+01    1.0000000000E+00    2.5663784889E+05
    1.1582405090E+02   -1.4933078770E+01    0.0000000000E+00    0.0000000000E+00    3.9925997746E-01    3.3786666667E+04    2.4000000000E+01    1.0000000000E+00    4.5868333451E+05
   -3.7493654000E-01   -3.4351956070E+01    0.0000000000E+00    0.0000000000E+00    1.1977799324E+00    8.1873684141E+03    1.0000000000E+00    2.0000000000E+00    2.5340000000E+05
    9.9825822500E+00   -3.0229171540E+01    1.8791216682E+01   -3.2324409303E+01    1.3882313866E+00    1.4749395653E+05    2.0000000000E+00    2.0000000000E+00    3.6565907156E+06
    1.8465667490E+01   -2.6852503770E+01    2.7593954243E+01   -4.2107911810E+01    1.4656368952E+00    1.6371861508E+05    3.0000000000E+00    2.0000000000E+00    2.9529375529E+06
    2.5413537970E+01   -2.4086928300E+01    3.6750806078E+01   -5.4839264277E+01    1.5604074288E+00    1.8263215437E+05    4.0000000000E+00    2.0000000000E+00    2.4223016479E+06
    3.1104036770E+01   -2.1821850880E+01    4.7930445094E+01   -6.9581744984E+01    1.6769554990E+00    2.0248223679E+05    5.0000000000E+00    2.0000000000E+00    1.9973829876E+06
    3.5764723450E+01   -1.9966692010E+01    6.0698578717E+01   -8.5143757314E+01    1.8305625104E+00    2.2076607208E+05    6.0000000000E+00    2.0000000000E+00    1.6389076330E+06
    3.9581973480E+01   -1.8447265030E+01    7.3579300622E+01   -9.8926066469E+01    2.0494427777E+00    2.3220153249E+05    7.0000000000E+00    2.0000000000E+00    1.3129952797E+06
    4.2708431140E+01   -1.7202809630E+01    8.3389518660E+01   -1.0610636671E+02    2.4223736849E+00    2.3123084123E+05    8.0000000000E+00    2.0000000000E+00    1.0077799149E+06
    4.5269114030E+01   -1.6183562030E+01    8.0798583403E+01   -1.0404264541E+02    3.1688229606E+00    2.1851313493E+05    9.0000000000E+00    2.0000000000E+00    7.4109218227E+05
    4.7366413090E+01   -1.5348765120E+01    6.5134204605E+01   -1.1649861734E+02    3.6219679228E+00    2.2074850595E+05    1.0000000000E+01    2.0000000000E+00    6.4571953538E+05
    4.9504999150E+01   -1.4598047580E+01    5.2032098494E+01   -1.4322669442E+02    3.3763534034E+00    2.3278291139E+05    1.1000000000E+01    2.0000000000E+00    6.5207653508E+05
    5.1698067720E+01   -1.4018847730E+01    4.2369747048E+01   -1.6304855584E+02    3.2112952108E+00    2.4179379058E+05    1.2000000000E+01    2.0000000000E+00    6.5422277853E+05
    5.3931360230E+01   -1.3615074210E+01    3.0415834824E+01   -1.8579648125E+02    3.0380765109E+00    2.6272974385E+05    1.3000000000E+01    2.0000000000E+00    6.9314944845E+05
    5.6190344140E+01   -1.3389449650E+01    1.5016368595E+01   -2.1185997460E+02    2.8611278888E+00    2.9694387630E+05    1.4000000000E+01    2.0000000000E+00    7.7232950733E+05
    5.8460312160E+01   -1.3343492330E+01   -2.0536397732E+01   -2.6290250476E+02    2.5177365117E+00    3.7319550162E+05    1.5000000000E+01    2.0000000000E+00    9.7138285375E+05
    6.0717878330E+01   -1.3389802890E+01   -6.4967341304E+01   -2.8699130611E+02    2.1105439484E+00    4.0023489566E+05    1.6000000000E+01    2.0000000000E+00    1.1665379318E+06
    6.3531877740E+01   -1.3447528720E+01   -4.7437436026E+01   -2.1563194801E+02    2.0553830391E+00    3.2577640020E+05    1.7000000000E+01    2.0000000000E+00    1.1564170703E+06
    6.7039463590E+01   -1.3519483110E+01   -3.0414426535E+01   -1.7032848198E+02    2.0011701431E+00    2.8651166643E+05    1.8000000000E+01    2.0000000000E+00    1.2511562746E+06
    7.1411597120E+01   -1.3609173330E+01   -2.0648768815E+01   -1.3968821224E+02    1.9073470228E+00    2.6010819538E+05    1.9000000000E+01    2.0000000000E+00    1.4084235847E+06
    7.6861381490E+01   -1.3720971250E+01   -1.4291507016E+01   -1.1565827156E+02    1.8026627387E+00    2.3734198208E+05    2.0000000000E+01    2.0000000000E+00    1.6021372724E+06
    8.3654450210E+01   -1.3860326380E+01   -9.9856423106E+00   -9.5628540592E+01    1.7033263926E+00    2.1672120741E+05    2.1000000000E+01    2.0000000000E+00    1.8318451705E+06
    9.2121916200E+01   -1.4034031630E+01   -7.0342154952E+00   -7.8690803474E+01    1.6086736822E+00    1.9705708526E+05    2.2000000000E+01    2.0000000000E+00    2.0943220452E+06
    1.0267651289E+02   -1.4250554360E+01    1.9818336996E+00   -6.4221143846E+01    1.5349286173E+00    1.8078461955E+05    2.3000000000E+01    2.0000000000E+00    2.4258118639E+06
    1.1583269561E+02   -1.4520449310E+01    1.9818336996E+00   -6.4221143846E+01    1.3564226221E+00    4.6527314239E+03    2.4000000000E+01    2.0000000000E+00    8.7042576885E+04
   -8.1922002000E-01   -3.3214552130E+01    0.0000000000E+00    0.0000000000E+00    1.1977799324E+00    6.7005824352E+03    1.0000000000E+00    3.0000000000E+00    2.5340000000E+05
    9.5991315900E+00   -2.9227426920E+01    1.8323975273E+01   -3.2271399862E+01    1.3646447416E+00    1.1892909655E+05    2.0000000000E+00    3.0000000000E+00    3.6047006968E+06
    1.8133277590E+01   -2.5961397340E+01    2.6488882808E+01   -4.1072837281E+01    1.4572165680E+00    1.2501273711E+05    3.0000000000E+00    3.0000000000E+00    2.7583548654E+06
    2.5123991480E+01   -2.3286050360E+01    3.4593838738E+01   -5.2105140980E+01    1.5711992530E+00    1.3148561252E+05    4.0000000000E+00    3.0000000000E+00    2.1354020523E+06
    3.0850429370E+01   -2.1094553290E+01    4.3683817745E+01   -6.3480847217E+01    1.7435304778E+00    1.3798353026E+05    5.0000000000E+00    3.0000000000E+00    1.6688905116E+06
    3.5541258340E+01   -1.9299394780E+01    5.2378808438E+01   -7.2782990778E+01    2.0450061733E+00    1.4552268375E+05    6.0000000000E+00    3.0000000000E+00    1.3263068368E+06
    3.9383786280E+01   -1.7828890980E+01    5.7971409014E+01   -7.6218143797E+01    2.6428875738E+00    1.5618588648E+05    7.0000000000E+00    3.0000000000E+00    1.0839958169E+06
    4.2531441210E+01   -1.6624323360E+01    5.6839409478E+01   -6.9513093250E+01    4.0596996938E+00    1.7698183858E+05    8.0000000000E+00    3.0000000000E+00    9.4188396047E+05
    4.5109898660E+01   -1.5637593960E+01    4.5274545272E+01   -5.5131822797E+01    7.8137150733E+00    2.2339105615E+05    9.0000000000E+00    3.0000000000E+00    9.1325045992E+05
    4.7222101310E+01   -1.4829304830E+01    3.5535495445E+01   -6.2078741890E+01    9.2271790469E+00    2.6160550333E+05    1.0000000000E+01    3.0000000000E+00    9.1794402999E+05
    4.9384793640E+01   -1.4102194370E+01    3.1361824875E+01   -8.8291411443E+01    6.7105671795E+00    2.5430610468E+05    1.1000000000E+01    3.0000000000E+00    8.5865834298E+05
    5.1600068280E+01   -1.3540614770E+01    2.7761821194E+01   -1.0863849243E+02    5.4680872756E+00    2.4488183333E+05    1.2000000000E+01    3.0000000000E+00    8.0097110788E+05
    5.3854166510E+01   -1.3148350710E+01    2.1954993829E+01   -1.3559158329E+02    4.2806439910E+00    2.3422552839E+05    1.3000000000E+01    3.0000000000E+00    7.5200151049E+05
    5.6133064010E+01   -1.2928043990E+01    1.2693174460E+01   -1.7128840644E+02    3.2359298596E+00    2.2188641396E+05    1.4000000000E+01    3.0000000000E+00    7.1046481943E+05
    5.8422566480E+01   -1.2881175950E+01   -2.3861906456E+01   -2.7135404997E+02    1.7972504028E+00    1.9848178501E+05    1.5000000000E+01    3.0000000000E+00    6.5781317378E+05
    6.0685277420E+01   -1.2925914190E+01   -9.5696593481E+01   -3.7209882927E+02    1.0125164479E+00    1.5550044787E+05    1.6000000000E+01    3.0000000000E+00    6.0592416605E+05
    6.3504918180E+01   -1.2981665290E+01   -5.9536907485E+01   -2.4130128701E+02    1.3318029916E+00    1.5267701501E+05    1.7000000000E+01    3.0000000000E+00    6.9193650813E+05
    6.7018581810E+01   -1.3051139870E+01   -3.4080639823E+01   -1.7353717716E+02    1.5792817754E+00    1.5133600429E+05    1.8000000000E+01    3.0000000000E+00    8.2649389136E+05
    7.1397111430E+01   -1.3137716350E+01   -2.1896240604E+01   -1.3704436905E+02    1.6525251934E+00    1.4747451896E+05    1.9000000000E+01    3.0000000000E+00    9.8962926191E+05
    7.6853409680E+01   -1.3245604970E+01   -1.4701655364E+01   -1.1198473797E+02    1.6396295603E+00    1.4281253685E+05    2.0000000000E+01    3.0000000000E+00    1.1884638200E+06
    8.3652794060E+01   -1.3380052480E+01   -1.0094660328E+01   -9.2452691023E+01    1.5931948450E+00    1.3818980155E+05    2.1000000000E+01    3.0000000000E+00    1.4350968633E+06
    9.2125901690E+01   -1.3547597450E+01   -7.0457858545E+00   -7.6402175398E+01    1.5303384568E+00    1.3286568284E+05    2.2000000000E+01    3.0000000000E+00    1.7310101340E+06
    1.0268477089E+02   -1.3756388210E+01    2.1007898400E+00   -6.2576606589E+01    1.4848432240E+00    1.2918922704E+05    2.3000000000E+01    3.0000000000E+00    2.1215485369E+06
    1.1584286401E+02   -1.4016579340E+01    2.1007898400E+00   -6.2576606589E+01    1.3123456817E+00    3.6875267187E+03    2.4000000000E+01    3.0000000000E+00    8.6852032748E+04
   -1.3413917200E+00   -3.1817897940E+01    0.0000000000E+00    0.0000000000E+00    1.1977799324E+00    5.4829632476E+03    1.0000000000E+00    4.0000000000E+00    2.5340000000E+05
    9.1489013400E+00   -2.7997494540E+01    1.5634326299E+01   -2.6354188779E+01    1.2947587409E+00    1.1269258710E+05    2.0000000000E+00    4.0000000000E+00    4.1702231673E+06
    1.7743498550E+01   -2.4867483350E+01    2.3213817776E+01   -3.3584694913E+01    1.3604147853E+00    1.1854294831E+05    3.0000000000E+00    4.0000000000E+00    3.1914447939E+06
    2.4784987760E+01   -2.2303101760E+01    3.0749286664E+01   -4.2906577601E+01    1.4402900378E+00    1.2557232746E+05    4.0000000000E+00    4.0000000000E+00    2.4856128313E+06
    3.0554060080E+01   -2.0202127720E+01    3.9768939572E+01   -5.3141033212E+01    1.5586905620E+00    1.3437070427E+05    5.0000000000E+00    4.0000000000E+00    1.9774264041E+06
    3.5280679510E+01   -1.8480811930E+01    4.9685778286E+01   -6.3039605910E+01    1.7618655535E+00    1.4698997150E+05    6.0000000000E+00    4.0000000000E+00    1.6264084486E+06
    3.9153247660E+01   -1.7070540360E+01    5.8921189232E+01   -7.0403433891E+01    2.1436211102E+00    1.6598630091E+05    7.0000000000E+00    4.0000000000E+00    1.3958638354E+06
    4.2326113370E+01   -1.5915099610E+01    6.4391958222E+01   -7.1411804005E+01    2.9898342355E+00    1.9818949452E+05    8.0000000000E+00    4.0000000000E+00    1.2783650683E+06
    4.4925726290E+01   -1.4968436220E+01    5.8189421853E+01   -6.5011482111E+01    5.1029464078E+00    2.5840246198E+05    9.0000000000E+00    4.0000000000E+00    1.2848430014E+06
    4.7055679380E+01   -1.4192820810E+01    4.6499365284E+01   -7.7987109056E+01    5.6083248338E+00    2.8667422149E+05    1.0000000000E+01    4.0000000000E+00    1.2286677976E+06
    4.9245912110E+01   -1.3494964160E+01    3.7827701872E+01   -1.0782027071E+02    4.0705276516E+00    2.5659651045E+05    1.1000000000E+01    4.0000000000E+00    1.0611624187E+06
    5.1486408710E+01   -1.2955334700E+01    3.1714787022E+01   -1.2600194664E+02    3.4725687972E+00    2.4022152225E+05    1.2000000000E+01    4.0000000000E+00    9.6137421913E+05
    5.3764019790E+01   -1.2577563400E+01    2.3210178396E+01   -1.4457805365E+02    2.9898050544E+00    2.3066707974E+05    1.3000000000E+01    4.0000000000E+00    9.0178244498E+05
    5.6065340850E+01   -1.2364190610E+01    1.2491292231E+01   -1.6148720749E+02    2.6257339829E+00    2.2712128938E+05    1.4000000000E+01    4.0000000000E+00    8.7603778360E+05
    5.8376803500E+01   -1.2316649350E+01   -2.1040719075E+01   -2.0023020209E+02    1.9264157726E+00    2.2144954603E+05    1.5000000000E+01    4.0000000000E+00    8.5105134658E+05
    6.0645767600E+01   -1.2359460680E+01   -7.2729104051E+01   -2.2559560742E+02    1.2816999260E+00    1.7908588731E+05    1.6000000000E+01    4.0000000000E+00    7.7427700431E+05
    6.3472260180E+01   -1.2412793280E+01   -5.3378647449E+01   -1.7419295831E+02    1.3802607433E+00    1.6191081223E+05    1.7000000000E+01    4.0000000000E+00    8.5664627608E+05
    6.6993298720E+01   -1.2479232650E+01   -3.2892848618E+01   -1.3600131341E+02    1.4966598722E+00    1.5543898329E+05    1.8000000000E+01    4.0000000000E+00    1.0118049419E+06
    7.1379579410E+01   -1.2562000360E+01   -2.1666135669E+01   -1.1069297145E+02    1.5177484637E+00    1.4786583871E+05    1.9000000000E+01    4.0000000000E+00    1.1938586465E+06
    7.6843756600E+01   -1.2665109890E+01   -1.4609114093E+01   -9.1478605091E+01    1.4922292973E+00    1.3997156219E+05    2.0000000000E+01    4.0000000000E+00    1.4090820480E+06
    8.3650757510E+01   -1.2793561370E+01   -9.9782321906E+00   -7.5808969924E+01    1.4518059199E+00    1.3294685816E+05    2.1000000000E+01    4.0000000000E+00    1.6757600515E+06
    9.2130632620E+01   -1.2953584120E+01   -6.9016227813E+00   -6.2725841441E+01    1.4020119810E+00    1.2604739632E+05    2.2000000000E+01    4.0000000000E+00    1.9973171623E+06
    1.0269456436E+02   -1.3152938790E+01    2.4788413079E+00   -5.1430518185E+01    1.3718821130E+00    1.2189926456E+05    2.3000000000E+01    4.0000000000E+00    2.4378670047E+06
    1.1585479368E+02   -1.3401293890E+01    2.4788413079E+00   -5.1430518185E+01    1.2127312270E+00    3.1791253522E+03    2.4000000000E+01    4.0000000000E+00    8.5958273604E+04
   -1.9484990300E+00   -3.0101349610E+01    0.0000000000E+00    0.0000000000E+00    1.1977799324E+00    4.4856217491E+03    1.0000000000E+00    5.0000000000E+00    2.5340000000E+05
    8.6264727800E+00   -2.6485958430E+01    1.3568440632E+01   -2.1976246452E+01    1.2807473090E+00    1.1101548085E+05    2.0000000000E+00    5.0000000000E+00    5.0186885783E+06
    1.7292317850E+01   -2.3523274230E+01    2.0659886570E+01   -2.8142389898E+01    1.3427328968E+00    1.1684410183E+05    3.0000000000E+00    5.0000000000E+00    3.8418683987E+06
    2.4393725320E+01   -2.1095457340E+01    2.7668747742E+01   -3.6295615354E+01    1.4178071519E+00    1.2367922483E+05    4.0000000000E+00    5.0000000000E+00    2.9884841630E+06
    3.0213167820E+01   -1.9105937190E+01    3.6275218745E+01   -4.5528513388E+01    1.5245361020E+00    1.3183162303E+05    5.0000000000E+00    5.0000000000E+00    2.3666740043E+06
    3.4982117740E+01   -1.7475577610E+01    4.6083329889E+01   -5.4878759259E+01    1.7008840935E+00    1.4288243136E+05    6.0000000000E+00    5.0000000000E+00    1.9271703600E+06
    3.8890251290E+01   -1.6139530400E+01    5.5806510646E+01   -6.2518666113E+01    2.0148908917E+00    1.5818169681E+05    7.0000000000E+00    5.0000000000E+00    1.6206105729E+06
    4.2092992540E+01   -1.5044656460E+01    6.2920670118E+01   -6.5090605960E+01    2.6760179635E+00    1.8305962471E+05    8.0000000000E+00    5.0000000000E+00    1.4385596622E+06
    4.4717696890E+01   -1.4147412240E+01    5.9116477640E+01   -6.1362391429E+01    4.2827536658E+00    2.3318271889E+05    9.0000000000E+00    5.0000000000E+00    1.4134030877E+06
    4.6868719460E+01   -1.3412117490E+01    4.6168751186E+01   -7.4349842344E+01    4.5670609275E+00    2.5270467519E+05    1.0000000000E+01    5.0000000000E+00    1.3222936332E+06
    4.9089521780E+01   -1.2750664590E+01    3.4835762539E+01   -1.0136682811E+02    3.3119451984E+00    2.1801434134E+05    1.1000000000E+01    5.0000000000E+00    1.1030557251E+06
    5.1357759230E+01   -1.2238528860E+01    2.8688418270E+01   -1.1666063284E+02    2.8870453261E+00    2.0351172479E+05    1.2000000000E+01    5.0000000000E+00    9.9663829535E+05
    5.3661025250E+01   -1.1879150670E+01    2.0741619953E+01   -1.3130185947E+02    2.6052834438E+00    2.0050388282E+05    1.3000000000E+01    5.0000000000E+00    9.5849187108E+05
    5.5986671240E+01   -1.1674943080E+01    1.1496355166E+01   -1.4462277837E+02    2.4483823451E+00    2.0905178087E+05    1.4000000000E+01    5.0000000000E+00    9.8476223362E+05
    5.8321892460E+01   -1.1627276230E+01   -2.0886195858E+01   -1.8080476184E+02    2.0178422807E+00    2.3104093969E+05    1.5000000000E+01    5.0000000000E+00    1.0788824318E+06
    6.0598429660E+01   -1.1667725950E+01   -7.1664300527E+01   -2.0852927243E+02    1.4119862596E+00    1.9825801017E+05    1.6000000000E+01    5.0000000000E+00    1.0393258762E+06
    6.3433210150E+01   -1.1718096700E+01   -5.2232702894E+01   -1.5476953751E+02    1.4425753602E+00    1.6455203306E+05    1.7000000000E+01    5.0000000000E+00    1.0563258128E+06
    6.6963154880E+01   -1.1780821780E+01   -3.2302908995E+01   -1.1935021194E+02    1.5199141292E+00    1.5341970929E+05    1.8000000000E+01    5.0000000000E+00    1.2138006997E+06
    7.1358775240E+01   -1.1858931950E+01   -2.1342682932E+01   -9.6398514694E+01    1.5205931034E+00    1.4487191786E+05    1.9000000000E+01    5.0000000000E+00    1.4234204982E+06
    7.6832415470E+01   -1.1956201640E+01   -1.4376255056E+01   -7.9077840344E+01    1.4842916854E+00    1.3697687042E+05    2.0000000000E+01    5.0000000000E+00    1.6795385333E+06
    8.3648517490E+01   -1.2077331390E+01   -9.7806536978E+00   -6.5049296142E+01    1.4386121960E+00    1.3021264844E+05    2.1000000000E+01    5.0000000000E+00    2.0003651862E+06
    9.2136404360E+01   -1.2228175150E+01   -6.7305892811E+00   -5.3464045717E+01    1.3849114254E+00    1.2340200318E+05    2.2000000000E+01    5.0000000000E+00    2.3841842105E+06
    1.0270619947E+02   -1.2416023240E+01    2.7147669265E+00   -4.3566830974E+01    1.3542236393E+00    1.1962688349E+05    2.3000000000E+01    5.0000000000E+00    2.9177278822E+06
    1.1586863495E+02   -1.2649954860E+01    2.7147669265E+00   -4.3566830974E+01    1.1974137615E+00    2.6573575500E+03    2.4000000000E+01    5.0000000000E+00    8.5519704741E+04
   -2.6440171400E+00   -2.7989633500E+01    0.0000000000E+00    0.0000000000E+00    1.1977799324E+00    3.6684491955E+03    1.0000000000E+00    6.0000000000E+00    2.5340000000E+05
    8.0301409900E+00   -2.4626487800E+01    1.1810737919E+01   -1.8277469237E+01    1.2635943596E+00    1.0903732433E+05    2.0000000000E+00    6.0000000000E+00    6.0248198246E+06
    1.6779571680E+01   -2.1869785270E+01    1.8444543112E+01   -2.3468270783E+01    1.3203189356E+00    1.1466697392E+05    3.0000000000E+00    6.0000000000E+00    4.6074738881E+06
    2.3951377310E+01   -1.9610166800E+01    2.4936867537E+01   -3.0476692133E+01    1.3868061074E+00    1.2105344623E+05    4.0000000000E+00    6.0000000000E+00    3.5732349890E+06
    2.9830081800E+01   -1.7757988250E+01    3.3096788615E+01   -3.8612374944E+01    1.4769126077E+00    1.2847635567E+05    5.0000000000E+00    6.0000000000E+00    2.8159103865E+06
    3.4648898760E+01   -1.6239770220E+01    4.2747657851E+01   -4.7214037580E+01    1.6230047449E+00    1.3868432350E+05    6.0000000000E+00    6.0000000000E+00    2.2819835327E+06
    3.8598979480E+01   -1.4995284460E+01    5.3004324920E+01   -5.4985898522E+01    1.8760561299E+00    1.5304659541E+05    7.0000000000E+00    6.0000000000E+00    1.9113850372E+06
    4.1836995390E+01   -1.3975165280E+01    6.2078577990E+01   -5.9280900702E+01    2.3996528437E+00    1.7735944584E+05    8.0000000000E+00    6.0000000000E+00    1.6983776585E+06
    4.4491355150E+01   -1.3138951090E+01    6.1083011220E+01   -5.8448118493E+01    3.7150894718E+00    2.3141188917E+05    9.0000000000E+00    6.0000000000E+00    1.7098283609E+06
    4.6667302190E+01   -1.2453478970E+01    4.6933591223E+01   -7.1329584053E+01    3.9344813488E+00    2.5149121843E+05    1.0000000000E+01    6.0000000000E+00    1.6059891831E+06
    4.8920542700E+01   -1.1837506060E+01    3.2739625514E+01   -9.6077726496E+01    2.7930832998E+00    2.0594834586E+05    1.1000000000E+01    6.0000000000E+00    1.2739268802E+06
    5.1217767060E+01   -1.1359980810E+01    2.6308862486E+01   -1.0937679889E+02    2.4178761611E+00    1.8660953143E+05    1.2000000000E+01    6.0000000000E+00    1.1178244838E+06
    5.3547474250E+01   -1.1024107310E+01    1.8672753930E+01   -1.2005654725E+02    2.2294222583E+00    1.8256768549E+05    1.3000000000E+01    6.0000000000E+00    1.0669625194E+06
    5.5897937520E+01   -1.0832139080E+01    1.0518508273E+01   -1.2772684533E+02    2.1860120007E+00    1.9253811253E+05    1.4000000000E+01    6.0000000000E+00    1.1070258054E+06
    5.8257283820E+01   -1.0785364750E+01   -2.0863060535E+01   -1.5031631056E+02    1.9556261990E+00    2.1898219302E+05    1.5000000000E+01    6.0000000000E+00    1.2380957472E+06
    6.0542934920E+01   -1.0822920750E+01   -6.7998009507E+01   -1.6652405321E+02    1.4115006496E+00    1.8436850630E+05    1.6000000000E+01    6.0000000000E+00    1.1632367760E+06
    6.3387668370E+01   -1.0869665670E+01   -5.1069401895E+01   -1.2845564895E+02    1.3955659507E+00    1.5242313357E+05    1.7000000000E+01    6.0000000000E+00    1.1856326368E+06
    6.6928278510E+01   -1.0927847880E+01   -3.1983712033E+01   -1.0081184999E+02    1.4569351108E+00    1.4365918437E+05    1.8000000000E+01    6.0000000000E+00    1.3819338609E+06
    7.1335040140E+01   -1.1000266600E+01   -2.1204465262E+01   -8.1792060555E+01    1.4593828820E+00    1.3699631467E+05    1.9000000000E+01    6.0000000000E+00    1.6394520553E+06
    7.6819904930E+01   -1.1090406260E+01   -1.4248588375E+01   -6.7043918796E+01    1.4306860035E+00    1.3058862233E+05    2.0000000000E+01    6.0000000000E+00    1.9521545438E+06
    8.3646704750E+01   -1.1202604360E+01   -9.6427338809E+00   -5.4985052948E+01    1.3940084941E+00    1.2505289538E+05    2.1000000000E+01    6.0000000000E+00    2.3434219754E+06
    9.2143852340E+01   -1.1342260220E+01   -6.5987292234E+00   -4.5043550820E+01    1.3468080320E+00    1.1902843658E+05    2.2000000000E+01    6.0000000000E+00    2.8058792405E+06
    1.0272015028E+02   -1.1516094970E+01    2.9375356807E+00   -3.6572134721E+01    1.3234662308E+00    1.1622225294E+05    2.3000000000E+01    6.0000000000E+00    3.4586794249E+06
    1.1588445383E+02   -1.1732475150E+01    2.9375356807E+00   -3.6572134721E+01    1.1706007600E+00    2.2246522202E+03    2.4000000000E+01    6.0000000000E+00    8.5191724336E+04
   -3.4244493700E+00   -2.5389355320E+01    0.0000000000E+00    0.0000000000E+00    1.1977799324E+00    2.9985698016E+03    1.0000000000E+00    7.0000000000E+00    2.5340000000E+05
    7.3651011700E+00   -2.2336822080E+01    1.0330389497E+01   -1.5219913579E+01    1.2490401795E+00    1.0734842120E+05    2.0000000000E+00    7.0000000000E+00    7.2545395577E+06
    1.6211961590E+01   -1.9833918240E+01    1.6549058053E+01   -1.9599524011E+01    1.3034951258E+00    1.1300522453E+05    3.0000000000E+00    7.0000000000E+00    5.5531466822E+06
    2.3465973270E+01   -1.7781671750E+01    2.2557407287E+01   -2.5624728645E+01    1.3652177637E+00    1.1921833090E+05    4.0000000000E+00    7.0000000000E+00    4.3027063281E+06
    2.9413995930E+01   -1.6098927260E+01    3.0246100738E+01   -3.2779606834E+01    1.4448914783E+00    1.2624598183E+05    5.0000000000E+00    7.0000000000E+00    3.3817588238E+06
    3.4291232380E+01   -1.4719142240E+01    3.9588662459E+01   -4.0617996840E+01    1.5717683476E+00    1.3599886396E+05    6.0000000000E+00    7.0000000000E+00    2.7333045166E+06
    3.8290524370E+01   -1.3587757280E+01    4.9986279899E+01   -4.8224557720E+01    1.7844163795E+00    1.4966353283E+05    7.0000000000E+00    7.0000000000E+00    2.2814530400E+06
    4.1569977270E+01   -1.2660039290E+01    6.0322505102E+01   -5.3544076833E+01    2.2115665716E+00    1.7283892330E+05    8.0000000000E+00    7.0000000000E+00    2.0193049175E+06
    4.4259214110E+01   -1.1899312610E+01    6.1790281458E+01   -5.4675986001E+01    3.3364129164E+00    2.2937981397E+05    9.0000000000E+00    7.0000000000E+00    2.0681482386E+06
    4.6464505540E+01   -1.1275508220E+01    4.6757537197E+01   -6.6012752069E+01    3.5775327702E+00    2.5230100938E+05    1.0000000000E+01    7.0000000000E+00    1.9664892640E+06
    4.8749833090E+01   -1.0716465510E+01    2.9996139992E+01   -8.7264456331E+01    2.4936084415E+00    1.9668140866E+05    1.1000000000E+01    7.0000000000E+00    1.4861522667E+06
    5.1074933610E+01   -1.0282610490E+01    2.3283075137E+01   -9.8950227335E+01    2.1157544611E+00    1.7153679473E+05    1.2000000000E+01    7.0000000000E+00    1.2561404724E+06
    5.3429410000E+01   -9.9768544500E+00    1.6333108108E+01   -1.0687192746E+02    1.9811341697E+00    1.6721621164E+05    1.3000000000E+01    7.0000000000E+00    1.1948691517E+06
    5.5802659770E+01   -9.8012510800E+00    9.2670855755E+00   -1.1152646959E+02    2.0242598578E+00    1.8150718312E+05    1.4000000000E+01    7.0000000000E+00    1.2755119047E+06
    5.8183946580E+01   -9.7569836600E+00   -2.1419611332E+01   -1.2741188318E+02    1.9740694471E+00    2.1941653302E+05    1.5000000000E+01    7.0000000000E+00    1.5098247822E+06
    6.0480449870E+01   -9.7909973100E+00   -6.5156424417E+01   -1.3769524646E+02    1.4706499905E+00    1.8403368736E+05    1.6000000000E+01    7.0000000000E+00    1.4080351620E+06
    6.3336991030E+01   -9.8333085300E+00   -4.9805798864E+01   -1.0771697376E+02    1.3828039071E+00    1.4603490074E+05    1.7000000000E+01    7.0000000000E+00    1.3819787083E+06
    6.6890192450E+01   -9.8859417600E+00   -3.1552009999E+01   -8.5275419340E+01    1.4198859787E+00    1.3719856262E+05    1.8000000000E+01    7.0000000000E+00    1.6088286523E+06
    7.1310018090E+01   -9.9514159200E+00   -2.1009229731E+01   -6.9257564532E+01    1.4177420951E+00    1.3130622784E+05    1.9000000000E+01    7.0000000000E+00    1.9173928418E+06
    7.6807912830E+01   -1.0032864870E+01   -1.4101488486E+01   -5.6641642031E+01    1.3915484123E+00    1.2574430650E+05    2.0000000000E+01    7.0000000000E+00    2.2947806939E+06
    8.3646928990E+01   -1.0134187500E+01   -9.5060962775E+00   -4.6289792219E+01    1.3600419280E+00    1.2102255290E+05    2.1000000000E+01    7.0000000000E+00    2.7690700663E+06
    9.2154324430E+01   -1.0260234460E+01   -6.4801433691E+00   -3.7799599650E+01    1.3161368610E+00    1.1544776894E+05    2.2000000000E+01    7.0000000000E+00    3.3225746736E+06
    1.0273723471E+02   -1.0417040520E+01    3.1300157787E+00   -3.0583080126E+01    1.2985005143E+00    1.1344596743E+05    2.3000000000E+01    7.0000000000E+00    4.1206164438E+06
    1.1590215597E+02   -1.0612113640E+01    3.1300157787E+00   -3.0583080126E+01    1.1490006748E+00    1.8571652510E+03    2.4000000000E+01    7.0000000000E+00    8.4964852732E+04
   -4.2738442500E+00   -2.2184900350E+01    0.0000000000E+00    0.0000000000E+00    1.1977799324E+00    2.4492012856E+03    1.0000000000E+00    8.0000000000E+00    2.5340000000E+05
    6.6478971600E+00   -1.9515423210E+01    9.0793989335E+00   -1.2709929264E+01    1.2358094404E+00    1.0580535528E+05    2.0000000000E+00    8.0000000000E+00    8.7529117856E+06
    1.5606661130E+01   -1.7325743600E+01    1.4920484834E+01   -1.6437240782E+01    1.2897745276E+00    1.1161683424E+05    3.0000000000E+00    8.0000000000E+00    6.7148383998E+06
    2.2955320460E+01   -1.5529615580E+01    2.0478763470E+01   -2.1636975400E+01    1.3483883728E+00    1.1774729889E+05    4.0000000000E+00    8.0000000000E+00    5.2021871481E+06
    2.8983332170E+01   -1.4056291840E+01    2.7693152466E+01   -2.7940947984E+01    1.4196955560E+00    1.2440524799E+05    5.0000000000E+00    8.0000000000E+00    4.0784733727E+06
    3.3928121050E+01   -1.2847741360E+01    3.6646732168E+01   -3.5057605643E+01    1.5308835539E+00    1.3365905719E+05    6.0000000000E+00    8.0000000000E+00    3.2863148508E+06
    3.7984425620E+01   -1.1856365270E+01    4.6961356286E+01   -4.2354782027E+01    1.7105971166E+00    1.4647434147E+05    7.0000000000E+00    8.0000000000E+00    2.7301728227E+06
    4.1311967090E+01   -1.1043122710E+01    5.8117773607E+01   -4.8294057548E+01    2.0575895504E+00    1.6787463293E+05    8.0000000000E+00    8.0000000000E+00    2.3972110637E+06
    4.4041742670E+01   -1.0375992950E+01    6.1975572760E+01   -5.0892623937E+01    3.0312580009E+00    2.2544261777E+05    9.0000000000E+00    8.0000000000E+00    2.4849575829E+06
    4.6281190000E+01   -9.8287136300E+00    4.6690334710E+01   -6.0210144870E+01    3.3608147275E+00    2.5560852914E+05    1.0000000000E+01    8.0000000000E+00    2.4324391095E+06
    4.8595101130E+01   -9.3407358100E+00    2.7795076728E+01   -7.7595193935E+01    2.3299974925E+00    1.9292787618E+05    1.1000000000E+01    8.0000000000E+00    1.7781130523E+06
    5.0943648260E+01   -8.9617716300E+00    2.0405950998E+01   -8.7964356169E+01    1.9098146772E+00    1.6013333473E+05    1.2000000000E+01    8.0000000000E+00    1.4310019698E+06
    5.3317779820E+01   -8.6943694800E+00    1.4131022332E+01   -9.3834408570E+01    1.7948919927E+00    1.5438368306E+05    1.3000000000E+01    8.0000000000E+00    1.3467371749E+06
    5.5708264180E+01   -8.5403327900E+00    7.7368132690E+00   -9.6454060436E+01    1.8942126289E+00    1.7226119817E+05    1.4000000000E+01    8.0000000000E+00    1.4780142811E+06
    5.8105751720E+01   -8.5007089600E+00   -2.2813785417E+01   -1.0756214861E+02    1.9677661469E+00    2.1719205446E+05    1.5000000000E+01    8.0000000000E+00    1.8222296700E+06
    6.0414966400E+01   -8.5303856400E+00   -6.3208915848E+01   -1.1337910704E+02    1.4957466407E+00    1.7919094153E+05    1.6000000000E+01    8.0000000000E+00    1.6691017799E+06
    6.3285253050E+01   -8.5672758700E+00   -4.8699066733E+01   -8.9872968247E+01    1.3559544043E+00    1.3843180537E+05    1.7000000000E+01    8.0000000000E+00    1.5978900788E+06
    6.6852991140E+01   -8.6131333500E+00   -3.1144857156E+01   -7.1720537468E+01    1.3798053230E+00    1.3066395249E+05    1.8000000000E+01    8.0000000000E+00    1.8710879490E+06
    7.1287723850E+01   -8.6701386800E+00   -2.0815558226E+01   -5.8291880643E+01    1.3779462346E+00    1.2593343802E+05    1.9000000000E+01    8.0000000000E+00    2.2467596067E+06
    7.6800225540E+01   -8.7410029000E+00   -1.3958157432E+01   -4.7573155275E+01    1.3561623410E+00    1.2135594253E+05    2.0000000000E+01    8.0000000000E+00    2.7061207133E+06
    8.3652531920E+01   -8.8290965700E+00   -9.3792116102E+00   -3.8758003979E+01    1.3302714519E+00    1.1747008095E+05    2.1000000000E+01    8.0000000000E+00    3.2836684235E+06
    9.2170409630E+01   -8.9386101600E+00   -6.3778566792E+00   -3.1572077956E+01    1.2889278066E+00    1.1225182745E+05    2.2000000000E+01    8.0000000000E+00    3.9453974764E+06
    1.0275885745E+02   -9.0747535200E+00    3.2986313774E+00   -2.5467058098E+01    1.2768240974E+00    1.1104157878E+05    2.3000000000E+01    8.0000000000E+00    4.9231790848E+06
    1.1592136501E+02   -9.2440038400E+00    3.2986313774E+00   -2.5467058098E+01    1.1303597799E+00    1.5468901697E+03    2.4000000000E+01    8.0000000000E+00    8.4807718500E+04
   -5.1551058600E+00   -1.8233912820E+01    0.0000000000E+00    0.0000000000E+00    1.1977799324E+00    1.9988760927E+03    1.0000000000E+00    9.0000000000E+00    2.5340000000E+05
    5.9120680500E+00   -1.6037859170E+01    8.0165579546E+00   -1.0652065333E+01    1.2216790139E+00    1.0414828613E+05    2.0000000000E+00    9.0000000000E+00    1.0558387218E+07
    1.4994471660E+01   -1.4235646750E+01    1.3514305979E+01   -1.3864658965E+01    1.2750315969E+00    1.1004225178E+05    3.0000000000E+00    9.0000000000E+00    8.1158124488E+06
    2.2448120690E+01   -1.2756632780E+01    1.8664156427E+01   -1.8372529348E+01    1.3290416721E+00    1.1584062505E+05    4.0000000000E+00    9.0000000000E+00    6.2758585630E+06
    2.8565187600E+01   -1.1542842250E+01    2.5435629439E+01   -2.3941224078E+01    1.3888625145E+00    1.2161070887E+05    5.0000000000E+00    9.0000000000E+00    4.8893789063E+06
    3.3585439280E+01   -1.0546698350E+01    3.4003795146E+01   -3.0388226483E+01    1.4794732223E+00    1.2948107561E+05    6.0000000000E+00    9.0000000000E+00    3.9040914509E+06
    3.7705629010E+01   -9.7291588800E+00    4.4173879883E+01   -3.7281189651E+01    1.6206771896E+00    1.4011688646E+05    7.0000000000E+00    9.0000000000E+00    3.2022340327E+06
    4.1087207090E+01   -9.0581864300E+00    5.5883772257E+01   -4.3497898902E+01    1.8798255254E+00    1.5721816216E+05    8.0000000000E+00    9.0000000000E+00    2.7524115416E+06
    4.3862651590E+01   -8.5074922600E+00    6.2129349451E+01   -4.7243134978E+01    2.6529822239E+00    2.0809644607E+05    9.0000000000E+00    9.0000000000E+00    2.8135608754E+06
    4.6140666000E+01   -8.0555052300E+00    4.7287140154E+01   -5.4834792888E+01    3.0431463847E+00    2.4320531170E+05    1.0000000000E+01    9.0000000000E+00    2.8296343377E+06
    4.8476822510E+01   -7.6555073200E+00    2.6753130120E+01   -6.8757812207E+01    2.1456404044E+00    1.8191799381E+05    1.1000000000E+01    9.0000000000E+00    2.0424782517E+06
    5.0841350160E+01   -7.3448003800E+00    1.8251610445E+01   -7.7970990659E+01    1.6958388377E+00    1.4335051671E+05    1.2000000000E+01    9.0000000000E+00    1.5600434919E+06
    5.3226837000E+01   -7.1254835900E+00    1.2431922729E+01   -8.2361773099E+01    1.5919789935E+00    1.3648495353E+05    1.3000000000E+01    9.0000000000E+00    1.4499937744E+06
    5.5625722490E+01   -6.9990475800E+00    6.0004716775E+00   -8.3641455597E+01    1.7322234058E+00    1.5771756515E+05    1.4000000000E+01    9.0000000000E+00    1.6483914078E+06
    5.8030348200E+01   -6.9663654600E+00   -2.5170468213E+01   -9.1441134981E+01    1.8774152998E+00    2.0441005297E+05    1.5000000000E+01    9.0000000000E+00    2.0926855166E+06
    6.0354140500E+01   -6.9907111600E+00   -6.2466614537E+01   -9.4045518686E+01    1.4504411634E+00    1.6556080604E+05    1.6000000000E+01    9.0000000000E+00    1.8839704002E+06
    6.3240039320E+01   -7.0209487600E+00   -4.7971033520E+01   -7.5154716645E+01    1.2897168700E+00    1.2643807043E+05    1.7000000000E+01    9.0000000000E+00    1.7840350550E+06
    6.6824071790E+01   -7.0585044400E+00   -3.0894492394E+01   -6.0302419101E+01    1.3152809365E+00    1.2139465845E+05    1.8000000000E+01    9.0000000000E+00    2.1257579449E+06
    7.1275197690E+01   -7.1051500400E+00   -2.0693417194E+01   -4.8976980788E+01    1.3230896235E+00    1.1882643343E+05    1.9000000000E+01    9.0000000000E+00    2.5923568014E+06
    7.6803285570E+01   -7.1630865600E+00   -1.3854205134E+01   -3.9856726761E+01    1.3120628637E+00    1.1593621978E+05    2.0000000000E+01    9.0000000000E+00    3.1604815824E+06
    8.3669020900E+01   -7.2350480800E+00   -9.2795776870E+00   -3.2359749251E+01    1.2958278636E+00    1.1334819961E+05    2.1000000000E+01    9.0000000000E+00    3.8716689979E+06
    9.2196213100E+01   -7.3244309200E+00   -6.3006054771E+00   -2.6298883297E+01    1.2589641530E+00    1.0871105524E+05    2.2000000000E+01    9.0000000000E+00    4.6661858203E+06
    1.0278708136E+02   -7.4354539500E+00    3.4508436128E+00   -2.1143826410E+01    1.2540358226E+00    1.0849869852E+05    2.3000000000E+01    9.0000000000E+00    5.8703819258E+06
    1.1594123145E+02   -7.5733578700E+00    3.4508436128E+00   -2.1143826410E+01    1.1107379860E+00    1.2860751303E+03    2.4000000000E+01    9.0000000000E+00    8.4699290569E+04
   -5.9964345900E+00   -1.3362947100E+01    0.0000000000E+00    0.0000000000E+00    1.1977799324E+00    1.6307389079E+03    1.0000000000E+00    1.0000000000E+01    2.5340000000E+05
    5.2161465600E+00   -1.1752812630E+01    7.1516887073E+00   -8.9308790758E+00    1.1794232037E+00    9.9154713874E+04    2.0000000000E+00    1.0000000000E+01    1.2328738834E+07
    1.4423253910E+01   -1.0430663410E+01    1.2380597188E+01   -1.1704498600E+01    1.2218602369E+00    1.0387758531E+05    3.0000000000E+00    1.0000000000E+01    9.4045760071E+06
    2.1983651180E+01   -9.3449799500E+00    1.7224854644E+01   -1.5561726964E+01    1.2574360039E+00    1.0766964127E+05    4.0000000000E+00    1.0000000000E+01    7.1661918765E+06
    2.8191934920E+01   -8.4534576600E+00    2.3689967067E+01   -2.0378631680E+01    1.2887521438E+00    1.1046978844E+05    5.0000000000E+00    1.0000000000E+01    5.4599925942E+06
    3.3290003650E+01   -7.7213597500E+00    3.2040077958E+01   -2.6032536922E+01    1.3382401552E+00    1.1440092069E+05    6.0000000000E+00    1.0000000000E+01    4.2426751058E+06
    3.7476477340E+01   -7.1201645300E+00    4.2268594838E+01   -3.2219946519E+01    1.4207903132E+00    1.2017619711E+05    7.0000000000E+00    1.0000000000E+01    3.3796411380E+06
    4.0914434980E+01   -6.6264542400E+00    5.4425731922E+01   -3.8095192820E+01    1.5717532723E+00    1.2966491182E+05    8.0000000000E+00    1.0000000000E+01    2.7945453301E+06
    4.3737770880E+01   -6.2210022000E+00    6.2489354196E+01   -4.2446908413E+01    2.0312198117E+00    1.6136705752E+05    9.0000000000E+00    1.0000000000E+01    2.6878854748E+06
    4.6056416230E+01   -5.8880229900E+00    4.8408908258E+01   -4.8914048129E+01    2.3044683511E+00    1.8630121664E+05    1.0000000000E+01    1.0000000000E+01    2.6572235025E+06
    4.8408137220E+01   -5.5958914200E+00    2.6587963201E+01   -6.0026640430E+01    1.6774534802E+00    1.3853950235E+05    1.1000000000E+01    1.0000000000E+01    1.8948548439E+06
    5.0780590450E+01   -5.3690054800E+00    1.7074199987E+01   -6.7908710315E+01    1.3082029272E+00    1.0463956018E+05    1.2000000000E+01    1.0000000000E+01    1.3850042879E+06
    5.3168361700E+01   -5.2089091700E+00    1.1476046319E+01   -7.1116290772E+01    1.2372196632E+00    9.9389123310E+04    1.3000000000E+01    1.0000000000E+01    1.2830902833E+06
    5.5565927200E+01   -5.1167032100E+00    4.1732859219E+00   -7.1253502340E+01    1.3956234826E+00    1.2159889385E+05    1.4000000000E+01    1.0000000000E+01    1.5437185754E+06
    5.7967690580E+01   -5.0930386100E+00   -2.8627801198E+01   -7.5919521494E+01    1.5572403695E+00    1.6165641381E+05    1.5000000000E+01    1.0000000000E+01    2.0190399703E+06
    6.0307875150E+01   -5.1107941200E+00   -6.3607652923E+01   -7.6636929222E+01    1.2289083294E+00    1.2892411030E+05    1.6000000000E+01    1.0000000000E+01    1.7975062563E+06
    6.3211094320E+01   -5.1328239300E+00   -4.8359798353E+01   -6.2075314943E+01    1.0936093390E+00    9.8658935661E+04    1.7000000000E+01    1.0000000000E+01    1.7053772289E+06
    6.6812864390E+01   -5.1601571200E+00   -3.1275738110E+01   -5.0170458876E+01    1.1362819691E+00    9.8406399183E+04    1.8000000000E+01    1.0000000000E+01    2.1100778030E+06
    7.1281332250E+01   -5.1940709200E+00   -2.0933073397E+01   -4.0791067704E+01    1.1678649972E+00    9.9750767056E+04    1.9000000000E+01    1.0000000000E+01    2.6632633221E+06
    7.6825135030E+01   -5.2361502200E+00   -1.3961773026E+01   -3.3155559910E+01    1.1824423100E+00    1.0034462678E+05    2.0000000000E+01    1.0000000000E+01    3.3454063010E+06
    8.3703152770E+01   -5.2883617100E+00   -9.3065601713E+00   -2.6861711747E+01    1.1899223340E+00    1.0073648821E+05    2.1000000000E+01    1.0000000000E+01    4.2048244713E+06
    9.2236609220E+01   -5.3531458500E+00   -6.3052909928E+00   -2.1804201145E+01    1.1708095827E+00    9.8260698328E+04    2.2000000000E+01    1.0000000000E+01    5.1494122713E+06
    1.0282408490E+02   -5.4335309500E+00    3.6169510523E+00   -1.7470140128E+01    1.1837789672E+00    1.0030694978E+05    2.3000000000E+01    1.0000000000E+01    6.6196681468E+06
    1.1596013811E+02   -5.5332747900E+00    3.6169510523E+00   -1.7470140128E+01    1.0491270761E+00    1.0704367498E+03    2.4000000000E+01    1.0000000000E+01    8.4618769626E+04
   -6.6704928300E+00   -7.3647144600E+00    0.0000000000E+00    0.0000000000E+00    1.1977799324E+00    1.3315790483E+03    1.0000000000E+00    1.1000000000E+01    2.5340000000E+05
    4.6581115200E+00   -6.4783326400E+00    6.4398825760E+00   -5.1268305437E+00    1.1365247858E+00    9.4087072844E+04    2.0000000000E+00    1.1000000000E+01    1.4342774140E+07
    1.3967113450E+01   -5.7499635300E+00    1.1437472371E+01   -6.7278316376E+00    1.1717316610E+00    9.8043554980E+04    3.0000000000E+00    1.1000000000E+01    1.0898807213E+07
    2.1616603960E+01   -5.1514304700E+00    1.6026493886E+01   -8.9545557387E+00    1.1925817414E+00    1.0022231262E+05    4.0000000000E+00    1.1000000000E+01    8.2013546540E+06
    2.7902475700E+01   -4.6595809700E+00    2.2233504257E+01   -1.1767667910E+01    1.2014013075E+00    1.0064812207E+05    5.0000000000E+00    1.1000000000E+01    6.1232442378E+06
    3.3067867310E+01   -4.2553912100E+00    3.0383142070E+01   -1.5105547092E+01    1.2201043510E+00    1.0157881508E+05    6.0000000000E+00    1.1000000000E+01    4.6413582677E+06
    3.7312563820E+01   -3.9232302900E+00    4.0841285779E+01   -1.8965086050E+01    1.2647399526E+00    1.0415878829E+05    7.0000000000E+00    1.1000000000E+01    3.6117062546E+06
    4.0800723150E+01   -3.6502555300E+00    5.1624138507E+01   -2.1980490663E+01    1.3893886847E+00    1.1366350133E+05    8.0000000000E+00    1.1000000000E+01    3.0203821241E+06
    4.3667227040E+01   -3.4259153100E+00    5.5949346061E+01   -2.3077899052E+01    1.6737721181E+00    1.3866742351E+05    9.0000000000E+00    1.1000000000E+01    2.8439817827E+06
    4.6022901230E+01   -3.2415403800E+00    4.1840834796E+01   -2.5751441428E+01    1.7397191981E+00    1.4683563805E+05    1.0000000000E+01    1.1000000000E+01    2.5660616312E+06
    4.8386804760E+01   -3.0809501100E+00    2.2208315472E+01   -3.2029424309E+01    1.3302378406E+00    1.0866850514E+05    1.1000000000E+01    1.1000000000E+01    1.8081073769E+06
    5.0762120780E+01   -2.9562725900E+00    1.5037669458E+01   -3.7367092682E+01    1.0730951956E+00    8.1775091269E+04    1.2000000000E+01    1.1000000000E+01    1.3115339424E+06
    5.3145870510E+01   -2.8683655600E+00    1.0526136384E+01   -4.0188147418E+01    1.0284401345E+00    7.7797339034E+04    1.3000000000E+01    1.1000000000E+01    1.2144623328E+06
    5.5535014160E+01   -2.8178438200E+00    1.7963568488E+00   -4.0695708034E+01    1.2051556123E+00    1.0157155390E+05    1.4000000000E+01    1.1000000000E+01    1.5590796284E+06
    5.7926471090E+01   -2.8050758000E+00   -3.2254907117E+01   -4.2589475390E+01    1.3774028650E+00    1.3709125342E+05    1.5000000000E+01    1.1000000000E+01    2.0846660422E+06
    6.0284896260E+01   -2.8146985600E+00   -6.5458616724E+01   -4.4061256452E+01    1.0572530422E+00    1.0145171114E+05    1.6000000000E+01    1.1000000000E+01    1.7334236331E+06
    6.3207071230E+01   -2.8266229700E+00   -4.9175588869E+01   -3.5710688135E+01    9.4035638232E-01    7.7468465499E+04    1.7000000000E+01    1.1000000000E+01    1.6406494244E+06
    6.6827789080E+01   -2.8413995900E+00   -3.1918610473E+01   -2.9041507287E+01    9.9112759256E-01    8.0048171476E+04    1.8000000000E+01    1.1000000000E+01    2.1026855727E+06
    7.1314080610E+01   -2.8597108000E+00   -2.1347810595E+01   -2.3590942087E+01    1.0376890160E+00    8.3905538470E+04    1.9000000000E+01    1.1000000000E+01    2.7431761203E+06
    7.6872925810E+01   -2.8824023000E+00   -1.4180169485E+01   -1.9127887717E+01    1.0700765762E+00    8.6911502833E+04    2.0000000000E+01    1.1000000000E+01    3.5454656301E+06
    8.3760809580E+01   -2.9105221200E+00   -9.4039343196E+00   -1.5453708987E+01    1.0953466065E+00    8.9519808956E+04    2.1000000000E+01    1.1000000000E+01    4.5674561194E+06
    9.2295561990E+01   -2.9453690500E+00   -6.3604526959E+00   -1.2531508318E+01    1.0891019610E+00    8.8599616586E+04    2.2000000000E+01    1.1000000000E+01    5.6681749099E+06
    1.0287102821E+02   -2.9885526000E+00    3.8008962042E+00   -1.0010778736E+01    1.1175110388E+00    9.2614058752E+04    2.3000000000E+01    1.1000000000E+01    7.4502135888E+06
    1.1597524390E+02   -3.0420673400E+00    3.8008962042E+00   -1.0010778736E+01    9.9154686788E-01    9.0974405688E+02    2.4000000000E+01    1.1000000000E+01    8.4518349955E+04
   -6.9630203200E+00    0.0000000000E+00    0.0000000000E+00    0.0000000000E+00    1.1977799324E+00    1.2111158641E+03    1.0000000000E+00    1.2000000000E+01    2.5340000000E+05
    4.4008166800E+00    0.0000000000E+00    6.1146598866E+00   -1.7616054251E+00    1.0943204684E+00    8.8953875887E+04    2.0000000000E+00    1.2000000000E+01    1.4919661230E+07
    1.3746858780E+01    0.0000000000E+00    1.1043916868E+01   -2.4184204104E+00    1.1164171523E+00    9.1506039814E+04    3.0000000000E+00    1.2000000000E+01    1.1205747320E+07
    2.1433400420E+01    0.0000000000E+00    1.5583232933E+01   -3.3164294009E+00    1.1178015478E+00    9.1587408920E+04    4.0000000000E+00    1.2000000000E+01    8.2665903727E+06
    2.7755105560E+01    0.0000000000E+00    2.1836190120E+01   -4.5389955644E+00    1.0981491133E+00    8.9165390393E+04    5.0000000000E+00    1.2000000000E+01    5.9906233344E+06
    3.2954317080E+01    0.0000000000E+00    3.0444374002E+01   -6.1817276888E+00    1.0790955146E+00    8.6827816397E+04    6.0000000000E+00    1.2000000000E+01    4.3867128047E+06
    3.7230347020E+01    0.0000000000E+00    4.0357364475E+01   -7.9881794524E+00    1.0839244896E+00    8.7457735099E+04    7.0000000000E+00    1.2000000000E+01    3.3563232222E+06
    4.0747117210E+01    0.0000000000E+00    4.9858262199E+01   -9.3177584621E+00    1.1354748515E+00    9.3950130584E+04    8.0000000000E+00    1.2000000000E+01    2.7645204398E+06
    4.3639443200E+01    0.0000000000E+00    5.6270940519E+01   -1.0237218454E+01    1.2943799548E+00    1.1350721269E+05    9.0000000000E+00    1.2000000000E+01    2.5812985484E+06
    4.6018202460E+01    0.0000000000E+00    4.1470510134E+01   -1.1731960034E+01    1.3637475426E+00    1.2216531533E+05    1.0000000000E+01    1.2000000000E+01    2.3647603823E+06
    4.8396961720E+01    0.0000000000E+00    2.0986804363E+01   -1.4836287248E+01    1.0723518145E+00    8.6817338230E+04    1.1000000000E+01    1.2000000000E+01    1.5932713565E+06
    5.0775720980E+01    0.0000000000E+00    1.4364644761E+01   -1.8129261363E+01    8.6236333201E-01    6.1513689334E+04    1.2000000000E+01    1.2000000000E+01    1.0830730201E+06
    5.3154480230E+01    0.0000000000E+00    9.9059468026E+00   -2.0469033565E+01    8.1895685920E-01    5.6111415826E+04    1.3000000000E+01    1.2000000000E+01    9.5858644303E+05
    5.5533239490E+01    0.0000000000E+00    8.0391916573E-01   -2.1626423223E+01    9.2685166587E-01    6.8182809661E+04    1.4000000000E+01    1.2000000000E+01    1.1440235188E+06
    5.7911998750E+01    0.0000000000E+00   -2.8554991554E+01   -2.0107976515E+01    1.1350305318E+00    8.9083135436E+04    1.5000000000E+01    1.2000000000E+01    1.4906591634E+06
    6.0290758010E+01    0.0000000000E+00   -5.4626099378E+01   -1.8899964808E+01    9.8291846395E-01    6.9818984652E+04    1.6000000000E+01    1.2000000000E+01    1.3195630740E+06
    6.3233671320E+01    0.0000000000E+00   -4.9158354205E+01   -1.6627816524E+01    8.1789873449E-01    5.3577418019E+04    1.7000000000E+01    1.2000000000E+01    1.2565826711E+06
    6.6874535250E+01    0.0000000000E+00   -3.2228061725E+01   -1.2790865706E+01    8.4428379469E-01    5.8010233100E+04    1.8000000000E+01    1.2000000000E+01    1.6840935755E+06
    7.1378877970E+01    0.0000000000E+00   -2.1755836476E+01   -9.9064841312E+00    8.9950556731E-01    6.5106744024E+04    1.9000000000E+01    1.2000000000E+01    2.3489426464E+06
    7.6951484820E+01    0.0000000000E+00   -1.4458039131E+01   -7.6540710143E+00    9.4737019229E-01    7.1075413706E+04    2.0000000000E+01    1.2000000000E+01    3.1948450120E+06
    8.3845708720E+01    0.0000000000E+00   -9.5655225855E+00   -5.9212517810E+00    9.9032943819E-01    7.6334185272E+04    2.1000000000E+01    1.2000000000E+01    4.2847513870E+06
    9.2374988520E+01    0.0000000000E+00   -6.4612848469E+00   -4.6299542581E+00    1.0005126321E+00    7.7647732612E+04    2.2000000000E+01    1.2000000000E+01    5.4558100483E+06
    1.0292709926E+02    0.0000000000E+00    3.9761256919E+00   -3.5736935661E+00    1.0435478029E+00    8.3661715972E+04    2.3000000000E+01    1.2000000000E+01    7.3784607634E+06
    1.1598178864E+02    0.0000000000E+00    3.9761256919E+00   -3.5736935661E+00    9.2692589083E-01    8.4558597775E+02    2.4000000000E+01    1.2000000000E+01    8.4478454448E+04
   -6.6704928300E+00    7.3647144600E+00    0.0000000000E+00    0.0000000000E+00    1.1977799324E+00    1.0136000000E+05    1.0000000000E+00    1.3000000000E+01    2.1207357002E+07
    4.6581115200E+00    6.4783326400E+00    6.4398825760E+00    5.1268305437E+00    1.0333107851E+00    8.5542513745E+04    2.0000000000E+00    1.3000000000E+01    1.4342774140E+07
    1.3967113450E+01    5.7499635300E+00    1.1437472371E+01    6.7278316376E+00    1.0649845038E+00    8.9111586066E+04    3.0000000000E+00    1.3000000000E+01    1.0898807213E+07
    2.1616603960E+01    5.1514304700E+00    1.6026493886E+01    8.9545557387E+00    1.0836727964E+00    9.1069810992E+04    4.0000000000E+00    1.3000000000E+01    8.2013546540E+06
    2.7902475700E+01    4.6595809700E+00    2.2233504257E+01    1.1767667910E+01    1.0915023423E+00    9.1441269703E+04    5.0000000000E+00    1.3000000000E+01    6.1232442378E+06
    3.3067867310E+01    4.2553912100E+00    3.0383142070E+01    1.5105547092E+01    1.1083842525E+00    9.2277647334E+04    6.0000000000E+00    1.3000000000E+01    4.6413582677E+06
    3.7312563820E+01    3.9232302900E+00    4.0841285779E+01    1.8965086050E+01    1.1488916421E+00    9.4617997215E+04    7.0000000000E+00    1.3000000000E+01    3.6117062546E+06
    4.0800723150E+01    3.6502555300E+00    5.1624138507E+01    2.1980490663E+01    1.2621477565E+00    1.0325413960E+05    8.0000000000E+00    1.3000000000E+01    3.0203821241E+06
    4.3667227040E+01    3.4259153100E+00    5.5949346061E+01    2.3077899052E+01    1.5205874595E+00    1.2597649522E+05    9.0000000000E+00    1.3000000000E+01    2.8439817827E+06
    4.6022901230E+01    3.2415403800E+00    4.1840834796E+01    2.5751441428E+01    1.5806189336E+00    1.3340727048E+05    1.0000000000E+01    1.3000000000E+01    2.5660616312E+06
    4.8386804760E+01    3.0809501100E+00    2.2208315472E+01    3.2029424309E+01    1.2084322537E+00    9.8718080749E+04    1.1000000000E+01    1.3000000000E+01    1.8081073769E+06
    5.0762120780E+01    2.9562725900E+00    1.5037669458E+01    3.7367092682E+01    9.7468543463E-01    7.4275787186E+04    1.2000000000E+01    1.3000000000E+01    1.3115339424E+06
    5.3145870510E+01    2.8683655600E+00    1.0526136384E+01    4.0188147418E+01    9.3396947357E-01    7.0651015400E+04    1.3000000000E+01    1.3000000000E+01    1.2144623328E+06
    5.5535014160E+01    2.8178438200E+00    1.7963568488E+00    4.0695708034E+01    1.0942575413E+00    9.2224968886E+04    1.4000000000E+01    1.3000000000E+01    1.5590796284E+06
    5.7926471090E+01    2.8050758000E+00   -3.2254907117E+01    4.2589475390E+01    1.2504462093E+00    1.2445540991E+05    1.5000000000E+01    1.3000000000E+01    2.0846660422E+06
    6.0284896260E+01    2.8146985600E+00   -6.5458616724E+01    4.4061256452E+01    9.5983331009E-01    9.2103524730E+04    1.6000000000E+01    1.3000000000E+01    1.7334236331E+06
    6.3207071230E+01    2.8266229700E+00   -4.9175588869E+01    3.5710688135E+01    8.5377234141E-01    7.0335496645E+04    1.7000000000E+01    1.3000000000E+01    1.6406494244E+06
    6.6827789080E+01    2.8413995900E+00   -3.1918610473E+01    2.9041507287E+01    8.9995792682E-01    7.2684876284E+04    1.8000000000E+01    1.3000000000E+01    2.1026855727E+06
    7.1314080610E+01    2.8597108000E+00   -2.1347810595E+01    2.3590942087E+01    9.4235840579E-01    7.6197288639E+04    1.9000000000E+01    1.3000000000E+01    2.7431761203E+06
    7.6872925810E+01    2.8824023000E+00   -1.4180169485E+01    1.9127887717E+01    9.7193411227E-01    7.8940382618E+04    2.0000000000E+01    1.3000000000E+01    3.5454656301E+06
    8.3760809580E+01    2.9105221200E+00   -9.4039343196E+00    1.5453708987E+01    9.9510267905E-01    8.1327135348E+04    2.1000000000E+01    1.3000000000E+01    4.5674561194E+06
    9.2295561990E+01    2.9453690500E+00   -6.3604526959E+00    1.2531508318E+01    9.8970535918E-01    8.0513596061E+04    2.2000000000E+01    1.3000000000E+01    5.6681749099E+06
    1.0287102821E+02    2.9885526000E+00    3.8008962042E+00    1.0010778736E+01    1.0158823543E+00    8.4191551383E+04    2.3000000000E+01    1.3000000000E+01    7.4502135888E+06
    1.1597524390E+02    3.0420673400E+00    0.0000000000E+00    0.0000000000E+00    3.9925997746E-01    3.3786666667E+04    2.4000000000E+01    1.3000000000E+01    3.3672008916E+06
