 TITLE = "Projeto1" 
 VARIABLES = "X" "Y" "u" "v" "rho" "p" "i" "j" "e" 
 ZONE I =           24  J =          13  DATAPACKING = POINT
    8.4500000000E-06   -3.5279003140E+01    0.0000000000E+00    0.0000000000E+00    1.1977799324E+00    1.0136000000E+05    1.0000000000E+00    1.0000000000E+00    2.8232997705E+06
    1.0306326720E+01   -3.1045768330E+01    2.6338630318E+01   -4.5530929641E+01    1.8022189244E+00    1.0496998815E+04    2.0000000000E+00    1.0000000000E+00    2.5576365137E+05
    1.8746475060E+01   -2.7579047530E+01    3.7505955621E+01   -5.7319625844E+01    1.9956139962E+00    1.4088908107E+04    3.0000000000E+00    1.0000000000E+00    2.5787319938E+05
    2.5658349530E+01   -2.4740052520E+01    4.8102210618E+01   -7.1542709630E+01    2.2318312077E+00    1.8752097856E+04    4.0000000000E+00    1.0000000000E+00    2.6139751732E+05
    3.1318677600E+01   -2.2415119790E+01    5.9515749798E+01   -8.5520570058E+01    2.5393240816E+00    2.4916317615E+04    5.0000000000E+00    1.0000000000E+00    2.6686142249E+05
    3.5954079200E+01   -2.0511167100E+01    6.9669839828E+01   -9.5773146730E+01    3.0199090247E+00    3.3380669728E+04    6.0000000000E+00    1.0000000000E+00    2.7447236525E+05
    3.9750139730E+01   -1.8951966780E+01    7.4792881222E+01   -9.7324597100E+01    3.9312362229E+00    4.5439293435E+04    7.0000000000E+00    1.0000000000E+00    2.8368766096E+05
    4.2858840280E+01   -1.7675093850E+01    6.9955907784E+01   -8.4606170519E+01    6.1827715072E+00    6.2753782298E+04    8.0000000000E+00    1.0000000000E+00    2.9314109344E+05
    4.5404642460E+01   -1.6629426760E+01    5.0234368671E+01   -5.9576800202E+01    1.3269145931E+01    8.7017550252E+04    9.0000000000E+00    1.0000000000E+00    2.9939906160E+05
    4.7489471440E+01   -1.5773100850E+01    3.7303640008E+01   -6.1316124647E+01    1.8329805196E+01    1.0545706878E+05    1.0000000000E+01    1.0000000000E+00    3.0828435107E+05
    4.9607350680E+01   -1.5003262190E+01    3.4082278025E+01   -9.2137331991E+01    1.3771723345E+01    1.1275304904E+05    1.1000000000E+01    1.0000000000E+00    3.2719852396E+05
    5.1781269800E+01   -1.4409848660E+01    3.0650354373E+01   -1.1820908069E+02    1.1130868558E+01    1.1922507558E+05    1.2000000000E+01    1.0000000000E+00    3.4293773940E+05
    5.3996560260E+01   -1.3996868810E+01    2.4675337465E+01   -1.5156269312E+02    8.7079055803E+00    1.2480173092E+05    1.3000000000E+01    1.0000000000E+00    3.6150324257E+05
    5.6238272770E+01   -1.3767109600E+01    1.3047440813E+01   -1.9709360851E+02    6.6910813447E+00    1.2897237205E+05    1.4000000000E+01    1.0000000000E+00    3.8742746665E+05
    5.8491279600E+01   -1.3722117420E+01   -4.0398951743E+01   -3.3951076102E+02    3.7443985289E+00    1.2948655516E+05    1.5000000000E+01    1.0000000000E+00    4.6285387819E+05
    6.0744619520E+01   -1.3769711210E+01   -1.4295077769E+02   -4.8858437913E+02    1.9800161488E+00    9.9854688359E+04    1.6000000000E+01    1.0000000000E+00    4.8607648257E+05
    6.3553982470E+01   -1.3829049520E+01   -7.9007181312E+01   -3.0155776532E+02    2.4481890668E+00    7.4099180903E+04    1.7000000000E+01    1.0000000000E+00    3.6583533557E+05
    6.7056569970E+01   -1.3903029860E+01   -4.4371705236E+01   -2.1822547079E+02    2.7726994480E+00    5.7300895578E+04    1.8000000000E+01    1.0000000000E+00    3.1964337791E+05
    7.1423438710E+01   -1.3995265220E+01   -2.8701972303E+01   -1.7521221102E+02    2.7798230522E+00    4.4997927453E+04    1.9000000000E+01    1.0000000000E+00    2.9586226377E+05
    7.6867854440E+01   -1.4110260120E+01   -1.9472333838E+01   -1.4597617435E+02    2.6484091770E+00    3.5775197990E+04    2.0000000000E+01    1.0000000000E+00    2.8122778002E+05
    8.3655707370E+01   -1.4253630600E+01   -1.3548099895E+01   -1.2289191037E+02    2.4773934223E+00    2.8665143586E+04    2.1000000000E+01    1.0000000000E+00    2.7169013109E+05
    9.2118497430E+01   -1.4432378480E+01   -9.6182963209E+00   -1.0353651437E+02    2.2849490382E+00    2.3073219395E+04    2.2000000000E+01    1.0000000000E+00    2.6527713202E+05
    1.0266952384E+02   -1.4655233290E+01    2.8718214115E+00   -8.6165619972E+01    2.1357204607E+00    1.8582977777E+04    2.3000000000E+01    1.0000000000E+00    2.6100260215E+05
    1.1582405090E+02   -1.4933078770E+01    0.0000000000E+00    0.0000000000E+00    3.9925997746E-01    3.3786666667E+04    2.4000000000E+01    1.0000000000E+00    4.5868333451E+05
   -3.7493654000E-01   -3.4351956070E+01    0.0000000000E+00    0.0000000000E+00    1.1977799324E+00    8.1873684141E+03    1.0000000000E+00    2.0000000000E+00    2.5340000000E+05
    9.9825822500E+00   -3.0229171540E+01    2.6338630318E+01   -4.5530929641E+01    1.6218257959E+00    2.0879839925E+05    2.0000000000E+00    2.0000000000E+00    5.1850216949E+06
    1.8465667490E+01   -2.6852503770E+01    3.7505955621E+01   -5.7319625844E+01    1.7956185369E+00    2.4546570395E+05    3.0000000000E+00    2.0000000000E+00    4.4376383590E+06
    2.5413537970E+01   -2.4086928300E+01    4.8102210618E+01   -7.1542709630E+01    2.0078906170E+00    2.8653539006E+05    4.0000000000E+00    2.0000000000E+00    3.8116005562E+06
    3.1104036770E+01   -2.1821850880E+01    5.9515749798E+01   -8.5520570058E+01    2.2842205053E+00    3.2598112430E+05    5.0000000000E+00    2.0000000000E+00    3.2264062914E+06
    3.5764723450E+01   -1.9966692010E+01    6.9669839828E+01   -9.5773146730E+01    2.7161559573E+00    3.6045518053E+05    6.0000000000E+00    2.0000000000E+00    2.6838235804E+06
    3.9581973480E+01   -1.8447265030E+01    7.4792881222E+01   -9.7324597100E+01    3.5353340055E+00    3.8736778130E+05    7.0000000000E+00    2.0000000000E+00    2.1918162096E+06
    4.2708431140E+01   -1.7202809630E+01    6.9955907784E+01   -8.4606170519E+01    5.5593535349E+00    4.1584014671E+05    8.0000000000E+00    2.0000000000E+00    1.8020087418E+06
    4.5269114030E+01   -1.6183562030E+01    5.0234368671E+01   -5.9576800202E+01    1.1929522652E+01    4.7211671485E+05    9.0000000000E+00    2.0000000000E+00    1.5712531655E+06
    4.7366413090E+01   -1.5348765120E+01    3.7303640008E+01   -6.1316124647E+01    1.6444539387E+01    5.6132714789E+05    1.0000000000E+01    2.0000000000E+00    1.5980938052E+06
    4.9504999150E+01   -1.4598047580E+01    3.4082278025E+01   -9.2137331991E+01    1.2322638390E+01    6.1545980596E+05    1.1000000000E+01    2.0000000000E+00    1.6776565678E+06
    5.1698067720E+01   -1.4018847730E+01    3.0650354373E+01   -1.1820908069E+02    9.9534812698E+00    6.2716781894E+05    1.2000000000E+01    2.0000000000E+00    1.6526708716E+06
    5.3931360230E+01   -1.3615074210E+01    2.4675337465E+01   -1.5156269312E+02    7.7832622501E+00    6.4486720353E+05    1.3000000000E+01    2.0000000000E+00    1.6619312819E+06
    5.6190344140E+01   -1.3389449650E+01    1.3047440813E+01   -1.9709360851E+02    5.9791446268E+00    6.9600945809E+05    1.4000000000E+01    2.0000000000E+00    1.7771352047E+06
    5.8460312160E+01   -1.3343492330E+01   -4.0398951743E+01   -3.3951076102E+02    3.3558366329E+00    8.1024235303E+05    1.5000000000E+01    2.0000000000E+00    2.1147581277E+06
    6.0717878330E+01   -1.3389802890E+01   -1.4295077769E+02   -4.8858437913E+02    1.7797573063E+00    6.8138847756E+05    1.6000000000E+01    2.0000000000E+00    2.0661798943E+06
    6.3531877740E+01   -1.3447528720E+01   -7.9007181312E+01   -3.0155776532E+02    2.2010744246E+00    5.4847413102E+05    1.7000000000E+01    2.0000000000E+00    1.9771710461E+06
    6.7039463590E+01   -1.3519483110E+01   -4.4371705236E+01   -2.1822547079E+02    2.4933870980E+00    4.9223522712E+05    1.8000000000E+01    2.0000000000E+00    2.1668964739E+06
    7.1411597120E+01   -1.3609173330E+01   -2.8701972303E+01   -1.7521221102E+02    2.5003493271E+00    4.4445007250E+05    1.9000000000E+01    2.0000000000E+00    2.4211475875E+06
    7.6861381490E+01   -1.3720971250E+01   -1.9472333838E+01   -1.4597617435E+02    2.3826750464E+00    3.9990102826E+05    2.0000000000E+01    2.0000000000E+00    2.7132557419E+06
    8.3654450210E+01   -1.3860326380E+01   -1.3548099895E+01   -1.2289191037E+02    2.2293108449E+00    3.5892962175E+05    2.1000000000E+01    2.0000000000E+00    3.0471951681E+06
    9.2121916200E+01   -1.4034031630E+01   -9.6182963209E+00   -1.0353651437E+02    2.0565911186E+00    3.1741213926E+05    2.2000000000E+01    2.0000000000E+00    3.3862127162E+06
    1.0267651289E+02   -1.4250554360E+01    2.8718214115E+00   -8.6165619972E+01    1.9227008238E+00    2.8354135465E+05    2.3000000000E+01    2.0000000000E+00    3.8162263624E+06
    1.1583269561E+02   -1.4520449310E+01    2.8718214115E+00   -8.6165619972E+01    1.6990984881E+00    3.4771639891E+03    2.4000000000E+01    2.0000000000E+00    9.0515009629E+04
   -8.1922002000E-01   -3.3214552130E+01    0.0000000000E+00    0.0000000000E+00    1.1977799324E+00    6.7005824352E+03    1.0000000000E+00    3.0000000000E+00    2.5340000000E+05
    9.5991315900E+00   -2.9227426920E+01    2.5148822933E+01   -4.4012787757E+01    1.5458753961E+00    1.3215605043E+05    2.0000000000E+00    3.0000000000E+00    4.0169889152E+06
    1.8133277590E+01   -2.5961397340E+01    3.4919540862E+01   -5.3192807868E+01    1.7494137631E+00    1.4033358674E+05    3.0000000000E+00    3.0000000000E+00    3.1103399249E+06
    2.5123991480E+01   -2.3286050360E+01    4.3531725340E+01   -6.3749581995E+01    2.0049093971E+00    1.4756702415E+05    4.0000000000E+00    3.0000000000E+00    2.4128231261E+06
    3.0850429370E+01   -2.1094553290E+01    5.1600324444E+01   -7.1953065082E+01    2.4292379979E+00    1.5564400529E+05    5.0000000000E+00    3.0000000000E+00    1.9000471906E+06
    3.5541258340E+01   -1.9299394780E+01    5.6671700244E+01   -7.4343113592E+01    3.2928956264E+00    1.7416573692E+05    6.0000000000E+00    3.0000000000E+00    1.6035742424E+06
    3.9383786280E+01   -1.7828890980E+01    5.5699501294E+01   -6.8009919009E+01    5.3728226389E+00    2.2325955629E+05    7.0000000000E+00    3.0000000000E+00    1.5587743470E+06
    4.2531441210E+01   -1.6624323360E+01    4.6629060108E+01   -5.1961224086E+01    1.1862812498E+01    3.5328814055E+05    8.0000000000E+00    3.0000000000E+00    1.8724562692E+06
    4.5109898660E+01   -1.5637593960E+01    2.9231057756E+01   -3.1140262583E+01    3.9538665005E+01    6.7432222748E+05    9.0000000000E+00    3.0000000000E+00    2.7188856464E+06
    4.7222101310E+01   -1.4829304830E+01    2.2204165159E+01   -3.3602538081E+01    5.3349048417E+01    8.9477081800E+05    1.0000000000E+01    3.0000000000E+00    3.0888925711E+06
    4.9384793640E+01   -1.4102194370E+01    2.2715865384E+01   -6.0739703468E+01    2.7356516314E+01    7.5612081004E+05    1.1000000000E+01    3.0000000000E+00    2.5142241266E+06
    5.1600068280E+01   -1.3540614770E+01    2.1843695788E+01   -8.4752081332E+01    1.7979084029E+01    6.4680488776E+05    1.2000000000E+01    3.0000000000E+00    2.0884278297E+06
    5.3854166510E+01   -1.3148350710E+01    1.8795948884E+01   -1.1586207691E+02    1.1476385862E+01    5.3333023162E+05    1.3000000000E+01    3.0000000000E+00    1.6968150472E+06
    5.6133064010E+01   -1.2928043990E+01    1.0848122578E+01   -1.5968304697E+02    7.2012326817E+00    4.4139945942E+05    1.4000000000E+01    3.0000000000E+00    1.4101256449E+06
    5.8422566480E+01   -1.2881175950E+01   -5.1299027736E+01   -3.4399784859E+02    2.2374813700E+00    2.5791019515E+05    1.5000000000E+01    3.0000000000E+00    9.1166725464E+05
    6.0685277420E+01   -1.2925914190E+01   -2.4259055985E+02   -6.5360821095E+02    5.4660844003E-01    4.4694657199E+04    1.6000000000E+01    3.0000000000E+00    3.1974283579E+05
    6.3504918180E+01   -1.2981665290E+01   -1.0729519746E+02   -3.3721350735E+02    1.1010067986E+00    9.6844608429E+04    1.7000000000E+01    3.0000000000E+00    5.0901743773E+05
    6.7018581810E+01   -1.3051139870E+01   -5.2238296712E+01   -2.1644753470E+02    1.7037862806E+00    1.3098390066E+05    1.8000000000E+01    3.0000000000E+00    7.5812047390E+05
    7.1397111430E+01   -1.3137716350E+01   -3.1613705815E+01   -1.6564957354E+02    1.9564511019E+00    1.4025157349E+05    1.9000000000E+01    3.0000000000E+00    9.7380005346E+05
    7.6853409680E+01   -1.3245604970E+01   -2.0612518910E+01   -1.3557906228E+02    1.9948571739E+00    1.4185921137E+05    2.0000000000E+01    3.0000000000E+00    1.2075985932E+06
    8.3652794060E+01   -1.3380052480E+01   -1.3978272446E+01   -1.1385639541E+02    1.9402770118E+00    1.4214294650E+05    2.1000000000E+01    3.0000000000E+00    1.4992774881E+06
    9.2125901690E+01   -1.3547597450E+01   -9.7726224082E+00   -9.6500222354E+01    1.8341861167E+00    1.3987362524E+05    2.2000000000E+01    3.0000000000E+00    1.8422903393E+06
    1.0268477089E+02   -1.3756388210E+01    3.2095135350E+00   -8.0642110768E+01    1.7668134524E+00    1.4046995558E+05    2.3000000000E+01    3.0000000000E+00    2.3236583628E+06
    1.1584286401E+02   -1.4016579340E+01    3.2095135350E+00   -8.0642110768E+01    1.5615588010E+00    2.8193812782E+03    2.4000000000E+01    3.0000000000E+00    8.9377388550E+04
   -1.3413917200E+00   -3.1817897940E+01    0.0000000000E+00    0.0000000000E+00    1.1977799324E+00    5.4829632476E+03    1.0000000000E+00    4.0000000000E+00    2.5340000000E+05
    9.1489013400E+00   -2.7997494540E+01    2.1531799515E+01   -3.5799691973E+01    1.4070877188E+00    1.2670900552E+05    2.0000000000E+00    4.0000000000E+00    4.6969454578E+06
    1.7743498550E+01   -2.4867483350E+01    3.1063784497E+01   -4.3708927889E+01    1.5591097200E+00    1.4171334186E+05    3.0000000000E+00    4.0000000000E+00    3.8247509830E+06
    2.4784987760E+01   -2.2303101760E+01    3.9793615963E+01   -5.3471608289E+01    1.7506593008E+00    1.6131712545E+05    4.0000000000E+00    4.0000000000E+00    3.2034690891E+06
    3.0554060080E+01   -2.0202127720E+01    4.9432316559E+01   -6.3057869395E+01    2.0479107451E+00    1.8855421667E+05    5.0000000000E+00    4.0000000000E+00    2.7850322894E+06
    3.5280679510E+01   -1.8480811930E+01    5.8572827997E+01   -7.0470373951E+01    2.5891433157E+00    2.3019456169E+05    6.0000000000E+00    4.0000000000E+00    2.5556861657E+06
    3.9153247660E+01   -1.7070540360E+01    6.4386881329E+01   -7.2758159872E+01    3.6811417235E+00    2.9348339781E+05    7.0000000000E+00    4.0000000000E+00    2.4726660325E+06
    4.2326113370E+01   -1.5915099610E+01    6.2831719731E+01   -6.5424265040E+01    6.4573782723E+00    4.0120742464E+05    8.0000000000E+00    4.0000000000E+00    2.5843241304E+06
    4.4925726290E+01   -1.4968436220E+01    4.6451781615E+01   -4.6678291122E+01    1.6571694517E+01    6.2657981720E+05    9.0000000000E+00    4.0000000000E+00    3.0939571171E+06
    4.7055679380E+01   -1.4192820810E+01    3.6801376078E+01   -5.3385433694E+01    1.9553374884E+01    7.1361201737E+05    1.0000000000E+01    4.0000000000E+00    3.0311885627E+06
    4.9245912110E+01   -1.3494964160E+01    3.4741772659E+01   -9.2809462080E+01    9.7911166531E+00    5.4469616585E+05    1.1000000000E+01    4.0000000000E+00    2.2393746417E+06
    5.1486408710E+01   -1.2955334700E+01    3.0683433475E+01   -1.2195525203E+02    6.9244575044E+00    4.7090744967E+05    1.2000000000E+01    4.0000000000E+00    1.8804536680E+06
    5.3764019790E+01   -1.2577563400E+01    2.3204205072E+01   -1.4569802786E+02    5.5419453374E+00    4.4528667323E+05    1.3000000000E+01    4.0000000000E+00    1.7385138220E+06
    5.6065340850E+01   -1.2364190610E+01    1.0888847721E+01   -1.6721263112E+02    5.0405403906E+00    4.9817475206E+05    1.4000000000E+01    4.0000000000E+00    1.9145744517E+06
    5.8376803500E+01   -1.2316649350E+01   -4.1363017047E+01   -2.4921789330E+02    3.3997769322E+00    6.0947917962E+05    1.5000000000E+01    4.0000000000E+00    2.3437663043E+06
    6.0645767600E+01   -1.2359460680E+01   -1.2604247040E+02   -3.1331117712E+02    1.7550074134E+00    4.5034923134E+05    1.6000000000E+01    4.0000000000E+00    1.9623502555E+06
    6.3472260180E+01   -1.2412793280E+01   -7.7328283631E+01   -2.1495617017E+02    1.7577134686E+00    2.9429411829E+05    1.7000000000E+01    4.0000000000E+00    1.5655337913E+06
    6.6993298720E+01   -1.2479232650E+01   -4.5575753921E+01   -1.6288593193E+02    1.9638301805E+00    2.6339584236E+05    1.8000000000E+01    4.0000000000E+00    1.7227249955E+06
    7.1379579410E+01   -1.2562000360E+01   -2.9853183934E+01   -1.3232852566E+02    1.9735059663E+00    2.3426022714E+05    1.9000000000E+01    4.0000000000E+00    1.9004107628E+06
    7.6843756600E+01   -1.2665109890E+01   -2.0127415590E+01   -1.1062752623E+02    1.8869271361E+00    2.0651974459E+05    2.0000000000E+01    4.0000000000E+00    2.0888300219E+06
    8.3650757510E+01   -1.2793561370E+01   -1.3798955135E+01   -9.3415549776E+01    1.7760227929E+00    1.8333311003E+05    2.1000000000E+01    4.0000000000E+00    2.3211495676E+06
    9.2130632620E+01   -1.2953584120E+01   -9.6516864727E+00   -7.9228691410E+01    1.6483284530E+00    1.6221207847E+05    2.2000000000E+01    4.0000000000E+00    2.5807892789E+06
    1.0269456436E+02   -1.3152938790E+01    3.7612096745E+00   -6.6287492441E+01    1.5775726536E+00    1.5021348072E+05    2.3000000000E+01    4.0000000000E+00    3.0139535067E+06
    1.1585479368E+02   -1.3401293890E+01    3.7612096745E+00   -6.6287492441E+01    1.3945597816E+00    2.6581896968E+03    2.4000000000E+01    4.0000000000E+00    8.7431529239E+04
   -1.9484990300E+00   -3.0101349610E+01    0.0000000000E+00    0.0000000000E+00    1.1977799324E+00    4.4856217491E+03    1.0000000000E+00    5.0000000000E+00    2.5340000000E+05
    8.6264727800E+00   -2.6485958430E+01    1.8987942458E+01   -3.0455024822E+01    1.3878989745E+00    1.2347355832E+05    2.0000000000E+00    5.0000000000E+00    5.5894425637E+06
    1.7292317850E+01   -2.3523274230E+01    2.8135520565E+01   -3.7578357964E+01    1.5372215406E+00    1.3758500294E+05    3.0000000000E+00    5.0000000000E+00    4.5334133318E+06
    2.4393725320E+01   -2.1095457340E+01    3.6481560278E+01   -4.6591921937E+01    1.7227048036E+00    1.5438678331E+05    4.0000000000E+00    5.0000000000E+00    3.7417600538E+06
    3.0213167820E+01   -1.9105937190E+01    4.5848190583E+01   -5.5677585478E+01    1.9917516814E+00    1.7463201351E+05    5.0000000000E+00    5.0000000000E+00    3.1475690203E+06
    3.4982117740E+01   -1.7475577610E+01    5.4895413091E+01   -6.2833457907E+01    2.4543411495E+00    2.0274512129E+05    6.0000000000E+00    5.0000000000E+00    2.7470903899E+06
    3.8890251290E+01   -1.6139530400E+01    6.1090035526E+01   -6.5400872240E+01    3.3333503230E+00    2.4387787638E+05    7.0000000000E+00    5.0000000000E+00    2.5084148856E+06
    4.2092992540E+01   -1.5044656460E+01    6.1479914489E+01   -6.0042533515E+01    5.4321703026E+00    3.1969996272E+05    8.0000000000E+00    5.0000000000E+00    2.5151200688E+06
    4.4717696890E+01   -1.4147412240E+01    4.8100605486E+01   -4.4385991016E+01    1.3093154683E+01    5.1395444927E+05    9.0000000000E+00    5.0000000000E+00    3.1005665790E+06
    4.6868719460E+01   -1.3412117490E+01    3.7024635542E+01   -4.9298501939E+01    1.6047830643E+01    6.0686924920E+05    1.0000000000E+01    5.0000000000E+00    3.1520545776E+06
    4.9089521780E+01   -1.2750664590E+01    3.1357495107E+01   -8.1415291124E+01    8.2831756343E+00    4.3525214788E+05    1.1000000000E+01    5.0000000000E+00    2.1895541117E+06
    5.1357759230E+01   -1.2238528860E+01    2.6441870846E+01   -1.0678199318E+02    5.8396544395E+00    3.6123375908E+05    1.2000000000E+01    5.0000000000E+00    1.7659379485E+06
    5.3661025250E+01   -1.1879150670E+01    1.9963556301E+01   -1.2715144852E+02    4.8047958360E+00    3.4039822672E+05    1.3000000000E+01    5.0000000000E+00    1.6285610997E+06
    5.5986671240E+01   -1.1674943080E+01    8.8957093040E+00   -1.4941820444E+02    4.4985213455E+00    3.9338526786E+05    1.4000000000E+01    5.0000000000E+00    1.8565120732E+06
    5.8321892460E+01   -1.1627276230E+01   -4.7277801283E+01   -2.4221239658E+02    2.9556095019E+00    4.6450502260E+05    1.5000000000E+01    5.0000000000E+00    2.2093495015E+06
    6.0598429660E+01   -1.1667725950E+01   -1.4632374818E+02   -3.4838305497E+02    1.3799270691E+00    2.9395606727E+05    1.6000000000E+01    5.0000000000E+00    1.6343897437E+06
    6.3433210150E+01   -1.1718096700E+01   -8.0029021911E+01   -2.0992477069E+02    1.6151111763E+00    2.1993731473E+05    1.7000000000E+01    5.0000000000E+00    1.4487517608E+06
    6.6963154880E+01   -1.1780821780E+01   -4.5741792965E+01   -1.5201050703E+02    1.8915092751E+00    2.1267889683E+05    1.8000000000E+01    5.0000000000E+00    1.7063713961E+06
    7.1358775240E+01   -1.1858931950E+01   -2.9697516032E+01   -1.2103635098E+02    1.9341094422E+00    1.9867672262E+05    1.9000000000E+01    5.0000000000E+00    1.9707745447E+06
    7.6832415470E+01   -1.1956201640E+01   -1.9911790368E+01   -9.9833395064E+01    1.8649551202E+00    1.8259863793E+05    2.0000000000E+01    5.0000000000E+00    2.2547569423E+06
    8.3648517490E+01   -1.2077331390E+01   -1.3589567575E+01   -8.3323160192E+01    1.7623483337E+00    1.6788349293E+05    2.1000000000E+01    5.0000000000E+00    2.5928778554E+06
    9.2136404360E+01   -1.2228175150E+01   -9.4794415798E+00   -6.9939853004E+01    1.6322923986E+00    1.5192645942E+05    2.2000000000E+01    5.0000000000E+00    2.9474992212E+06
    1.0270619947E+02   -1.2416023240E+01    4.0275195427E+00   -5.7872828302E+01    1.5606511046E+00    1.4355498785E+05    2.3000000000E+01    5.0000000000E+00    3.5118110111E+06
    1.1586863495E+02   -1.2649954860E+01    4.0275195427E+00   -5.7872828302E+01    1.3799383317E+00    2.2275199605E+03    2.4000000000E+01    5.0000000000E+00    8.6691811417E+04
   -2.6440171400E+00   -2.7989633500E+01    0.0000000000E+00    0.0000000000E+00    1.1977799324E+00    3.6684491955E+03    1.0000000000E+00    6.0000000000E+00    2.5340000000E+05
    8.0301409900E+00   -2.4626487800E+01    1.6700942831E+01   -2.5619118226E+01    1.3460451584E+00    1.1868856678E+05    2.0000000000E+00    6.0000000000E+00    6.5648025472E+06
    1.6779571680E+01   -2.1869785270E+01    2.5423953537E+01   -3.1769373520E+01    1.4797718668E+00    1.3207887435E+05    3.0000000000E+00    6.0000000000E+00    5.3158895498E+06
    2.3951377310E+01   -1.9610166800E+01    3.3360697207E+01   -3.9736526345E+01    1.6396455320E+00    1.4762317791E+05    4.0000000000E+00    6.0000000000E+00    4.3680535039E+06
    2.9830081800E+01   -1.7757988250E+01    4.2610648846E+01   -4.8151003831E+01    1.8603426487E+00    1.6630494638E+05    5.0000000000E+00    6.0000000000E+00    3.6569958018E+06
    3.4648898760E+01   -1.6239770220E+01    5.2256645295E+01   -5.5581732724E+01    2.2342306156E+00    1.9365083186E+05    6.0000000000E+00    6.0000000000E+00    3.1988520161E+06
    3.8598979480E+01   -1.4995284460E+01    6.0304212814E+01   -6.0116844526E+01    2.9234881409E+00    2.3544649815E+05    7.0000000000E+00    6.0000000000E+00    2.9512133065E+06
    4.1836995390E+01   -1.3975165280E+01    6.4481801555E+01   -5.8930029568E+01    4.4688433209E+00    3.1146481420E+05    8.0000000000E+00    6.0000000000E+00    2.9882871266E+06
    4.4491355150E+01   -1.3138951090E+01    5.4340088415E+01   -4.6499373340E+01    1.0352939597E+01    5.1687314214E+05    9.0000000000E+00    6.0000000000E+00    3.8098342119E+06
    4.6667302190E+01   -1.2453478970E+01    4.1896726861E+01   -5.0937796354E+01    1.3408835430E+01    6.3896315368E+05    1.0000000000E+01    6.0000000000E+00    4.0621626004E+06
    4.8920542700E+01   -1.1837506060E+01    3.3801807941E+01   -8.2129330305E+01    6.8630216805E+00    4.3726618483E+05    1.1000000000E+01    6.0000000000E+00    2.6963997324E+06
    5.1217767060E+01   -1.1359980810E+01    2.7151150874E+01   -1.0946565632E+02    4.5410914263E+00    3.3865306670E+05    1.2000000000E+01    6.0000000000E+00    2.0311811991E+06
    5.3547474250E+01   -1.1024107310E+01    1.9702148922E+01   -1.2629091047E+02    3.7919396239E+00    3.1342100544E+05    1.3000000000E+01    6.0000000000E+00    1.8378454551E+06
    5.5897937520E+01   -1.0832139080E+01    7.3957215650E+00   -1.3781131701E+02    3.8543804406E+00    3.7540102534E+05    1.4000000000E+01    6.0000000000E+00    2.1622004132E+06
    5.8257283820E+01   -1.0785364750E+01   -4.6305213765E+01   -1.8482095612E+02    2.9762473701E+00    4.5935333867E+05    1.5000000000E+01    6.0000000000E+00    2.6118604139E+06
    6.0542934920E+01   -1.0822920750E+01   -1.2142883456E+02   -2.1885505841E+02    1.4562289172E+00    2.6610291426E+05    1.6000000000E+01    6.0000000000E+00    1.7093525612E+06
    6.3387668370E+01   -1.0869665670E+01   -7.4770673890E+01   -1.6227157574E+02    1.5081230927E+00    1.9443079276E+05    1.7000000000E+01    6.0000000000E+00    1.5336247725E+06
    6.6928278510E+01   -1.0927847880E+01   -4.4939324018E+01   -1.2562925653E+02    1.7199268099E+00    1.9097955726E+05    1.8000000000E+01    6.0000000000E+00    1.8539764120E+06
    7.1335040140E+01   -1.1000266600E+01   -2.9668113192E+01   -1.0242483481E+02    1.7571085937E+00    1.7991859230E+05    1.9000000000E+01    6.0000000000E+00    2.1679522622E+06
    7.6819904930E+01   -1.1090406260E+01   -1.9936866717E+01   -8.5160058532E+01    1.7092035431E+00    1.6668394801E+05    2.0000000000E+01    6.0000000000E+00    2.5050442811E+06
    8.3646704750E+01   -1.1202604360E+01   -1.3552417189E+01   -7.1160313357E+01    1.6351991605E+00    1.5470784159E+05    2.1000000000E+01    6.0000000000E+00    2.9110730178E+06
    9.2143852340E+01   -1.1342260220E+01   -9.4165415078E+00   -5.9687626943E+01    1.5281842794E+00    1.4077546760E+05    2.2000000000E+01    6.0000000000E+00    3.3292188898E+06
    1.0272015028E+02   -1.1516094970E+01    4.3629614800E+00   -4.9234086983E+01    1.4794804204E+00    1.3492930812E+05    2.3000000000E+01    6.0000000000E+00    4.0245599515E+06
    1.1588445383E+02   -1.1732475150E+01    4.3629614800E+00   -4.9234086983E+01    1.3085947071E+00    1.9243716895E+03    2.4000000000E+01    6.0000000000E+00    8.5994933899E+04
   -3.4244493700E+00   -2.5389355320E+01    0.0000000000E+00    0.0000000000E+00    1.1977799324E+00    2.9985698016E+03    1.0000000000E+00    7.0000000000E+00    2.5340000000E+05
    7.3651011700E+00   -2.2336822080E+01    1.4740950136E+01   -2.1569555952E+01    1.3129323309E+00    1.1483430413E+05    2.0000000000E+00    7.0000000000E+00    7.7664276065E+06
    1.6211961590E+01   -1.9833918240E+01    2.3036191047E+01   -2.6895047075E+01    1.4411240899E+00    1.2822434466E+05    3.0000000000E+00    7.0000000000E+00    6.3092074382E+06
    2.3465973270E+01   -1.7781671750E+01    3.0529663798E+01   -3.3955098226E+01    1.5900907079E+00    1.4333495762E+05    4.0000000000E+00    7.0000000000E+00    5.1831946915E+06
    2.9413995930E+01   -1.6098927260E+01    3.9481031668E+01   -4.1715101829E+01    1.7855275784E+00    1.6089218338E+05    5.0000000000E+00    7.0000000000E+00    4.3217061010E+06
    3.4291232380E+01   -1.4719142240E+01    4.9229783843E+01   -4.9072039352E+01    2.1067167261E+00    1.8628069605E+05    6.0000000000E+00    7.0000000000E+00    3.7568472740E+06
    3.8290524370E+01   -1.3587757280E+01    5.8143095495E+01   -5.4518353538E+01    2.6664250749E+00    2.2360581804E+05    7.0000000000E+00    7.0000000000E+00    3.4209117618E+06
    4.1569977270E+01   -1.2660039290E+01    6.4823904673E+01   -5.5975643650E+01    3.7807277925E+00    2.8598546197E+05    8.0000000000E+00    7.0000000000E+00    3.3502383677E+06
    4.4259214110E+01   -1.1899312610E+01    5.9007112465E+01   -4.6791356145E+01    8.1173687370E+00    4.6971506814E+05    9.0000000000E+00    7.0000000000E+00    4.2342349695E+06
    4.6464505540E+01   -1.1275508220E+01    4.5524973968E+01   -4.9459025439E+01    1.1317490309E+01    6.1435779905E+05    1.0000000000E+01    7.0000000000E+00    4.7794612693E+06
    4.8749833090E+01   -1.0716465510E+01    3.4591412661E+01   -7.5331199679E+01    6.0024792274E+00    4.0812629639E+05    1.1000000000E+01    7.0000000000E+00    3.0796966665E+06
    5.1074933610E+01   -1.0282610490E+01    2.5754542106E+01   -1.0199666779E+02    3.6852652508E+00    2.8732617736E+05    1.2000000000E+01    7.0000000000E+00    2.1099961283E+06
    5.3429410000E+01   -9.9768544500E+00    1.8085448331E+01   -1.1647264516E+02    3.1102916455E+00    2.6190994945E+05    1.3000000000E+01    7.0000000000E+00    1.8811709706E+06
    5.5802659770E+01   -9.8012510800E+00    4.6930540292E+00   -1.2571400105E+02    3.4737292266E+00    3.4616708529E+05    1.4000000000E+01    7.0000000000E+00    2.4416900823E+06
    5.8183946580E+01   -9.7569836600E+00   -4.9338089730E+01   -1.6819801606E+02    3.1081988067E+00    4.7443665407E+05    1.5000000000E+01    7.0000000000E+00    3.2970373850E+06
    6.0480449870E+01   -9.7909973100E+00   -1.1747225065E+02   -2.0209312542E+02    1.6313225694E+00    2.8790351210E+05    1.6000000000E+01    7.0000000000E+00    2.2554865120E+06
    6.3336991030E+01   -9.8333085300E+00   -7.1088163834E+01   -1.3973879639E+02    1.5212333808E+00    1.8455250795E+05    1.7000000000E+01    7.0000000000E+00    1.7700462858E+06
    6.6890192450E+01   -9.8859417600E+00   -4.3976731418E+01   -1.0882272009E+02    1.6729825029E+00    1.7932300946E+05    1.8000000000E+01    7.0000000000E+00    2.1205568691E+06
    7.1310018090E+01   -9.9514159200E+00   -2.9389276682E+01   -8.8634515007E+01    1.6840259634E+00    1.6837996219E+05    1.9000000000E+01    7.0000000000E+00    2.4736658123E+06
    7.6807912830E+01   -1.0032864870E+01   -1.9813168272E+01   -7.3419508425E+01    1.6322302122E+00    1.5643339606E+05    2.0000000000E+01    7.0000000000E+00    2.8676707457E+06
    8.3646928990E+01   -1.0134187500E+01   -1.3448752002E+01   -6.1034733247E+01    1.5645034644E+00    1.4598822133E+05    2.1000000000E+01    7.0000000000E+00    3.3514438179E+06
    9.2154324430E+01   -1.0260234460E+01   -9.3390022467E+00   -5.0981832438E+01    1.4617808867E+00    1.3287289020E+05    2.2000000000E+01    7.0000000000E+00    3.8338141124E+06
    1.0273723471E+02   -1.0417040520E+01    4.6463802325E+00   -4.1816154191E+01    1.4243361422E+00    1.2874013687E+05    2.3000000000E+01    7.0000000000E+00    4.6843168353E+06
    1.1590215597E+02   -1.0612113640E+01    4.6463802325E+00   -4.1816154191E+01    1.2603485100E+00    1.6419350542E+03    2.4000000000E+01    7.0000000000E+00    8.5529659146E+04
   -4.2738442500E+00   -2.2184900350E+01    0.0000000000E+00    0.0000000000E+00    1.1977799324E+00    2.4492012856E+03    1.0000000000E+00    8.0000000000E+00    2.5340000000E+05
    6.6478971600E+00   -1.9515423210E+01    1.3054239060E+01   -1.8188369512E+01    1.2821190687E+00    1.1123352855E+05    2.0000000000E+00    8.0000000000E+00    9.2073508635E+06
    1.5606661130E+01   -1.7325743600E+01    2.0928784616E+01   -2.2818151040E+01    1.4074508315E+00    1.2476814477E+05    3.0000000000E+00    8.0000000000E+00    7.5136949477E+06
    2.2955320460E+01   -1.5529615580E+01    2.7977963027E+01   -2.9061021334E+01    1.5463978442E+00    1.3935909298E+05    4.0000000000E+00    8.0000000000E+00    6.1667173426E+06
    2.8983332170E+01   -1.4056291840E+01    3.6580229909E+01   -3.6165571881E+01    1.7157339907E+00    1.5533465804E+05    5.0000000000E+00    8.0000000000E+00    5.1041942641E+06
    3.3928121050E+01   -1.2847741360E+01    4.6318876483E+01   -4.3302184960E+01    1.9832624755E+00    1.7793281943E+05    6.0000000000E+00    8.0000000000E+00    4.3882428711E+06
    3.7984425620E+01   -1.1856365270E+01    5.5918694666E+01   -4.9324923584E+01    2.4264512315E+00    2.1019542135E+05    7.0000000000E+00    8.0000000000E+00    3.9314534548E+06
    4.1311967090E+01   -1.1043122710E+01    6.4606087798E+01   -5.2840838423E+01    3.1979507489E+00    2.5875748480E+05    8.0000000000E+00    8.0000000000E+00    3.7067363443E+06
    4.4041742670E+01   -1.0375992950E+01    6.3747154693E+01   -4.7044891774E+01    6.2192267447E+00    4.0930624460E+05    9.0000000000E+00    8.0000000000E+00    4.5195059793E+06
    4.6281190000E+01   -9.8287136300E+00    4.9830446860E+01   -4.8216369218E+01    9.3996725891E+00    5.7122186817E+05    1.0000000000E+01    8.0000000000E+00    5.4388840106E+06
    4.8595101130E+01   -9.3407358100E+00    3.6606565391E+01   -6.9139856344E+01    5.4255051875E+00    3.9053509125E+05    1.1000000000E+01    8.0000000000E+00    3.6014641559E+06
    5.0943648260E+01   -8.9617716300E+00    2.5348332380E+01   -9.4863303796E+01    3.0865299379E+00    2.5037562784E+05    1.2000000000E+01    8.0000000000E+00    2.2469204305E+06
    5.3317779820E+01   -8.6943694800E+00    1.7040552056E+01   -1.0813944689E+02    2.5446149414E+00    2.1921764949E+05    1.3000000000E+01    8.0000000000E+00    1.9251999641E+06
    5.5708264180E+01   -8.5403327900E+00    1.6342967121E+00   -1.1407903532E+02    2.9947217875E+00    3.0667913177E+05    1.4000000000E+01    8.0000000000E+00    2.6437824571E+06
    5.8105751720E+01   -8.5007089600E+00   -5.3419773540E+01   -1.4308034542E+02    2.8036094239E+00    4.1435817094E+05    1.5000000000E+01    8.0000000000E+00    3.5092974004E+06
    6.0414966400E+01   -8.5303856400E+00   -1.1275077670E+02   -1.6078482806E+02    1.5023583285E+00    2.3638110811E+05    1.6000000000E+01    8.0000000000E+00    2.2465460114E+06
    6.3285253050E+01   -8.5672758700E+00   -6.8670320969E+01   -1.1707019036E+02    1.4049030289E+00    1.5844675898E+05    1.7000000000E+01    8.0000000000E+00    1.8507793992E+06
    6.6852991140E+01   -8.6131333500E+00   -4.3560205598E+01   -9.3008209235E+01    1.5504363748E+00    1.5984202215E+05    1.8000000000E+01    8.0000000000E+00    2.3059753197E+06
    7.1287723850E+01   -8.6701386800E+00   -2.9322814861E+01   -7.6015184728E+01    1.5722134503E+00    1.5320691976E+05    1.9000000000E+01    8.0000000000E+00    2.7475452954E+06
    7.6800225540E+01   -8.7410029000E+00   -1.9772844214E+01   -6.2829935669E+01    1.5388496630E+00    1.4474342337E+05    2.0000000000E+01    8.0000000000E+00    3.2396168506E+06
    8.3652531920E+01   -8.8290965700E+00   -1.3382073318E+01   -5.2002720922E+01    1.4894861519E+00    1.3696271848E+05    2.1000000000E+01    8.0000000000E+00    3.8387357993E+06
    9.2170409630E+01   -8.9386101600E+00   -9.2922660750E+00   -4.3296969429E+01    1.3960964513E+00    1.2511300506E+05    2.2000000000E+01    8.0000000000E+00    4.4061856306E+06
    1.0275885745E+02   -9.0747535200E+00    4.9085865561E+00   -3.5321856565E+01    1.3729409825E+00    1.2300174229E+05    2.3000000000E+01    8.0000000000E+00    5.4606500987E+06
    1.1592136501E+02   -9.2440038400E+00    4.9085865561E+00   -3.5321856565E+01    1.2154511102E+00    1.3946909955E+03    2.4000000000E+01    8.0000000000E+00    8.5200850617E+04
   -5.1551058600E+00   -1.8233912820E+01    0.0000000000E+00    0.0000000000E+00    1.1977799324E+00    1.9988760927E+03    1.0000000000E+00    9.0000000000E+00    2.5340000000E+05
    5.9120680500E+00   -1.6037859170E+01    1.1616957508E+01   -1.5384249458E+01    1.2456071216E+00    1.0694268237E+05    2.0000000000E+00    9.0000000000E+00    1.0846541708E+07
    1.4994471660E+01   -1.4235646750E+01    1.9113104497E+01   -1.9451105838E+01    1.3640864372E+00    1.2002531559E+05    3.0000000000E+00    9.0000000000E+00    8.8593480922E+06
    2.2448120690E+01   -1.2756632780E+01    2.5785866013E+01   -2.4980795032E+01    1.4839332115E+00    1.3287000495E+05    4.0000000000E+00    9.0000000000E+00    7.2078342805E+06
    2.8565187600E+01   -1.1542842250E+01    3.4112369696E+01   -3.1467058219E+01    1.6124643718E+00    1.4520551505E+05    5.0000000000E+00    9.0000000000E+00    5.8496355898E+06
    3.3585439280E+01   -1.0546698350E+01    4.3895400347E+01   -3.8282819047E+01    1.8053851120E+00    1.6182578573E+05    6.0000000000E+00    9.0000000000E+00    4.8930223497E+06
    3.7705629010E+01   -9.7291588800E+00    5.4190382568E+01   -4.4541877761E+01    2.1134530687E+00    1.8495520931E+05    7.0000000000E+00    9.0000000000E+00    4.2417180115E+06
    4.1087207090E+01   -9.0581864300E+00    6.4415226117E+01   -4.9233184972E+01    2.5858835270E+00    2.1601402172E+05    8.0000000000E+00    9.0000000000E+00    3.7957417193E+06
    4.3862651590E+01   -8.5074922600E+00    6.8660701966E+01   -4.6796894689E+01    4.3466384738E+00    3.1446933283E+05    9.0000000000E+00    9.0000000000E+00    4.2666481738E+06
    4.6140666000E+01   -8.0555052300E+00    5.5301465820E+01   -4.7299686106E+01    6.7062951730E+00    4.4797542078E+05    1.0000000000E+01    9.0000000000E+00    5.2261518845E+06
    4.8476822510E+01   -7.6555073200E+00    3.9717700972E+01   -6.3919532625E+01    4.2991584108E+00    3.2050383195E+05    1.1000000000E+01    9.0000000000E+00    3.6068043532E+06
    5.0841350160E+01   -7.3448003800E+00    2.5932461916E+01   -8.7571206198E+01    2.3473003053E+00    1.8942907975E+05    1.2000000000E+01    9.0000000000E+00    2.0726717919E+06
    5.3226837000E+01   -7.1254835900E+00    1.6557069528E+01   -9.9940141531E+01    1.8944938793E+00    1.5905424891E+05    1.3000000000E+01    9.0000000000E+00    1.7035036492E+06
    5.5625722490E+01   -6.9990475800E+00   -2.0026423325E+00   -1.0344395398E+02    2.3558640532E+00    2.4087968249E+05    1.4000000000E+01    9.0000000000E+00    2.5311809378E+06
    5.8030348200E+01   -6.9663654600E+00   -5.8659230636E+01   -1.2413403524E+02    2.3003228987E+00    3.2437089931E+05    1.5000000000E+01    9.0000000000E+00    3.3541697392E+06
    6.0354140500E+01   -6.9907111600E+00   -1.1128569821E+02   -1.3467076970E+02    1.2882024638E+00    1.8055550831E+05    1.6000000000E+01    9.0000000000E+00    2.0972399636E+06
    6.3240039320E+01   -7.0209487600E+00   -6.7697478992E+01   -9.9781102167E+01    1.2044725071E+00    1.2369230589E+05    1.7000000000E+01    9.0000000000E+00    1.7660701628E+06
    6.6824071790E+01   -7.0585044400E+00   -4.3867839072E+01   -8.0177112151E+01    1.3495332950E+00    1.3126309988E+05    1.8000000000E+01    9.0000000000E+00    2.3150136633E+06
    7.1275197690E+01   -7.1051500400E+00   -2.9619550999E+01   -6.5483530433E+01    1.3971896780E+00    1.3054309276E+05    1.9000000000E+01    9.0000000000E+00    2.8614471927E+06
    7.6803285570E+01   -7.1630865600E+00   -1.9922481023E+01   -5.3874130857E+01    1.3990751923E+00    1.2752115169E+05    2.0000000000E+01    9.0000000000E+00    3.4874054895E+06
    8.3669020900E+01   -7.2350480800E+00   -1.3418603064E+01   -4.4317739216E+01    1.3824943221E+00    1.2410833555E+05    2.1000000000E+01    9.0000000000E+00    4.2484478999E+06
    9.2196213100E+01   -7.3244309200E+00   -9.3159413819E+00   -3.6747227764E+01    1.3095071231E+00    1.1483879350E+05    2.2000000000E+01    9.0000000000E+00    4.9369987338E+06
    1.0278708136E+02   -7.4354539500E+00    5.1667635468E+00   -2.9776349880E+01    1.3084635146E+00    1.1567960940E+05    2.3000000000E+01    9.0000000000E+00    6.2651937581E+06
    1.1594123145E+02   -7.5733578700E+00    5.1667635468E+00   -2.9776349880E+01    1.1589462620E+00    1.1807330115E+03    2.4000000000E+01    9.0000000000E+00    8.4967668325E+04
   -5.9964345900E+00   -1.3362947100E+01    0.0000000000E+00    0.0000000000E+00    1.1977799324E+00    1.6307389079E+03    1.0000000000E+00    1.0000000000E+01    2.5340000000E+05
    5.2161465600E+00   -1.1752812630E+01    1.0501693132E+01   -1.2955522369E+01    1.1515078589E+00    9.5821283275E+04    2.0000000000E+00    1.0000000000E+01    1.1918518076E+07
    1.4423253910E+01   -1.0430663410E+01    1.7757151977E+01   -1.6469708656E+01    1.2415355037E+00    1.0583601721E+05    3.0000000000E+00    1.0000000000E+01    9.5885216252E+06
    2.1983651180E+01   -9.3449799500E+00    2.4230094408E+01   -2.1206571021E+01    1.3160471977E+00    1.1377083901E+05    4.0000000000E+00    1.0000000000E+01    7.5808924790E+06
    2.8191934920E+01   -8.4534576600E+00    3.2496576752E+01   -2.6851902576E+01    1.3774767070E+00    1.1922575278E+05    5.0000000000E+00    1.0000000000E+01    5.9035045281E+06
    3.3290003650E+01   -7.7213597500E+00    4.2537953743E+01   -3.2920329103E+01    1.4710459996E+00    1.2658881965E+05    6.0000000000E+00    1.0000000000E+01    4.7074741871E+06
    3.7476477340E+01   -7.1201645300E+00    5.3768281275E+01   -3.8761651650E+01    1.6333154851E+00    1.3818063102E+05    7.0000000000E+00    1.0000000000E+01    3.9002791127E+06
    4.0914434980E+01   -6.6264542400E+00    6.5364928984E+01   -4.3437416493E+01    1.8888351550E+00    1.5471686649E+05    8.0000000000E+00    1.0000000000E+01    3.3487835334E+06
    4.3737770880E+01   -6.2210022000E+00    7.3006131565E+01   -4.3405597032E+01    2.7234878561E+00    2.0677482641E+05    9.0000000000E+00    1.0000000000E+01    3.4599850336E+06
    4.6056416230E+01   -5.8880229900E+00    6.1141125834E+01   -4.4619523421E+01    3.8175557425E+00    2.7730813347E+05    1.0000000000E+01    1.0000000000E+01    3.9711223900E+06
    4.8408137220E+01   -5.5958914200E+00    4.2862739591E+01   -5.7614705328E+01    2.6398112976E+00    2.0002604594E+05    1.1000000000E+01    1.0000000000E+01    2.7444206461E+06
    5.0780590450E+01   -5.3690054800E+00    2.7011362962E+01   -7.7411484135E+01    1.4696485044E+00    1.0990520282E+05    1.2000000000E+01    1.0000000000E+01    1.4629172025E+06
    5.3168361700E+01   -5.2089091700E+00    1.6614398633E+01   -8.7503085234E+01    1.2097289220E+00    9.0704687221E+04    1.3000000000E+01    1.0000000000E+01    1.1805028214E+06
    5.5565927200E+01   -5.1167032100E+00   -6.3494594924E+00   -8.7335148701E+01    1.6170905528E+00    1.5731709111E+05    1.4000000000E+01    1.0000000000E+01    2.0052006359E+06
    5.7967690580E+01   -5.0930386100E+00   -6.4929069037E+01   -9.8913275178E+01    1.6304035059E+00    2.0959566916E+05    1.5000000000E+01    1.0000000000E+01    2.6413015350E+06
    6.0307875150E+01   -5.1107941200E+00   -1.1255264885E+02   -1.0619544448E+02    9.3447176315E-01    1.0803410813E+05    1.6000000000E+01    1.0000000000E+01    1.5395339923E+06
    6.3211094320E+01   -5.1328239300E+00   -6.9155995654E+01   -8.2435132306E+01    8.8379662412E-01    7.5992023546E+04    1.7000000000E+01    1.0000000000E+01    1.3306753418E+06
    6.6812864390E+01   -5.1601571200E+00   -4.5546050288E+01   -6.7100367877E+01    1.0137425036E+00    8.6748530929E+04    1.8000000000E+01    1.0000000000E+01    1.8735736442E+06
    7.1281332250E+01   -5.1940709200E+00   -3.0739376257E+01   -5.5027655624E+01    1.0831950472E+00    9.1317886893E+04    1.9000000000E+01    1.0000000000E+01    2.4490375586E+06
    7.6825135030E+01   -5.2361502200E+00   -2.0568696796E+01   -4.5266304836E+01    1.1246037629E+00    9.4254690248E+04    2.0000000000E+01    1.0000000000E+01    3.1512984134E+06
    8.3703152770E+01   -5.2883617100E+00   -1.3754888076E+01   -3.7149990403E+01    1.1514313794E+00    9.6499768251E+04    2.1000000000E+01    1.0000000000E+01    4.0353606134E+06
    9.2236609220E+01   -5.3531458500E+00   -9.5357676886E+00   -3.0787440663E+01    1.1179181042E+00    9.2092819866E+04    2.2000000000E+01    1.0000000000E+01    4.8324196345E+06
    1.0282408490E+02   -5.4335309500E+00    5.4891711890E+00   -2.4816003184E+01    1.1524997012E+00    9.7378781256E+04    2.3000000000E+01    1.0000000000E+01    6.4314207832E+06
    1.1596013811E+02   -5.5332747900E+00    5.4891711890E+00   -2.4816003184E+01    1.0214057483E+00    1.0074071887E+03    2.4000000000E+01    1.0000000000E+01    8.4778299262E+04
   -6.6704928300E+00   -7.3647144600E+00    0.0000000000E+00    0.0000000000E+00    1.1977799324E+00    1.3315790483E+03    1.0000000000E+00    1.1000000000E+01    2.5340000000E+05
    4.6581115200E+00   -6.4783326400E+00    9.5813223011E+00   -7.4581616743E+00    1.0646389613E+00    8.5556654854E+04    2.0000000000E+00    1.1000000000E+01    1.3045034383E+07
    1.3967113450E+01   -5.7499635300E+00    1.6606788692E+01   -9.4642281448E+00    1.1400277435E+00    9.4046182364E+04    3.0000000000E+00    1.1000000000E+01    1.0459305872E+07
    2.1616603960E+01   -5.1514304700E+00    2.2886024210E+01   -1.2166759411E+01    1.1882457257E+00    9.9169969613E+04    4.0000000000E+00    1.1000000000E+01    8.1217899142E+06
    2.7902475700E+01   -4.6595809700E+00    3.1037380863E+01   -1.5429230743E+01    1.2131882885E+00    1.0096132507E+05    5.0000000000E+00    1.1000000000E+01    6.1507412088E+06
    3.3067867310E+01   -4.2553912100E+00    4.1140718348E+01   -1.8957834625E+01    1.2582914190E+00    1.0403346419E+05    6.0000000000E+00    1.1000000000E+01    4.7639356634E+06
    3.7312563820E+01   -3.9232302900E+00    5.3184870639E+01   -2.2679353539E+01    1.3510598828E+00    1.1042994308E+05    7.0000000000E+00    1.1000000000E+01    3.8415643480E+06
    4.0800723150E+01   -3.6502555300E+00    6.4610357533E+01   -2.5404671247E+01    1.5572555215E+00    1.2596170786E+05    8.0000000000E+00    1.1000000000E+01    3.3612034153E+06
    4.3667227040E+01   -3.4259153100E+00    7.0575664924E+01   -2.5186787309E+01    2.1394073066E+00    1.7279251321E+05    9.0000000000E+00    1.1000000000E+01    3.5616492675E+06
    4.6022901230E+01   -3.2415403800E+00    5.8467842230E+01   -2.5313956690E+01    2.5973100929E+00    2.1438284403E+05    1.0000000000E+01    1.1000000000E+01    3.7618324886E+06
    4.8386804760E+01   -3.0809501100E+00    3.8346952013E+01   -3.1507797975E+01    1.8378589277E+00    1.5066852311E+05    1.1000000000E+01    1.1000000000E+01    2.5126549871E+06
    5.0762120780E+01   -2.9562725900E+00    2.4566569898E+01   -4.2230881719E+01    1.1143129515E+00    8.1170043905E+04    1.2000000000E+01    1.1000000000E+01    1.3048058604E+06
    5.3145870510E+01   -2.8683655600E+00    1.5670972464E+01   -4.8978821345E+01    9.8747631305E-01    7.0176100001E+04    1.3000000000E+01    1.1000000000E+01    1.0986302309E+06
    5.5535014160E+01   -2.8178438200E+00   -1.1404896494E+01   -4.9569543118E+01    1.4360988613E+00    1.3761481647E+05    1.4000000000E+01    1.1000000000E+01    2.1154045833E+06
    5.7926471090E+01   -2.8050758000E+00   -6.7032777628E+01   -5.3633297306E+01    1.4627246805E+00    1.7098393231E+05    1.5000000000E+01    1.1000000000E+01    2.6178230587E+06
    6.0284896260E+01   -2.8146985600E+00   -1.1011864705E+02   -5.7630358449E+01    7.9741564291E-01    7.5575792827E+04    1.6000000000E+01    1.1000000000E+01    1.3163143291E+06
    6.3207071230E+01   -2.8266229700E+00   -7.0351778145E+01   -4.6356287096E+01    7.2823806133E-01    5.2441662327E+04    1.7000000000E+01    1.1000000000E+01    1.1224549455E+06
    6.6827789080E+01   -2.8413995900E+00   -4.7056714333E+01   -3.8349521329E+01    8.2960005878E-01    6.2279844430E+04    1.8000000000E+01    1.1000000000E+01    1.6444289673E+06
    7.1314080610E+01   -2.8597108000E+00   -3.1902270457E+01   -3.1565803994E+01    8.9551293377E-01    6.7911967167E+04    1.9000000000E+01    1.1000000000E+01    2.2265074983E+06
    7.6872925810E+01   -2.8824023000E+00   -2.1291811137E+01   -2.6000760599E+01    9.4617589022E-01    7.2685605695E+04    2.0000000000E+01    1.1000000000E+01    2.9697071826E+06
    8.3760809580E+01   -2.9105221200E+00   -1.4164006302E+01   -2.1335299542E+01    9.8952363618E-01    7.7199310674E+04    2.1000000000E+01    1.1000000000E+01    3.9423078040E+06
    9.2295561990E+01   -2.9453690500E+00   -9.8320120969E+00   -1.7724046766E+01    9.7213686145E-01    7.4813793817E+04    2.2000000000E+01    1.1000000000E+01    4.7890092922E+06
    1.0287102821E+02   -2.9885526000E+00    5.8561355335E+00   -1.4245091912E+01    1.0276311071E+00    8.2800148945E+04    2.3000000000E+01    1.1000000000E+01    6.6628250913E+06
    1.1597524390E+02   -3.0420673400E+00    5.8561355335E+00   -1.4245091912E+01    9.1179806745E-01    8.8977875828E+02    2.4000000000E+01    1.1000000000E+01    8.4568640139E+04
   -6.9630203200E+00    0.0000000000E+00    0.0000000000E+00    0.0000000000E+00    1.1977799324E+00    1.2111158641E+03    1.0000000000E+00    1.2000000000E+01    2.5340000000E+05
    4.4008166800E+00    0.0000000000E+00    9.2048226359E+00   -2.8482982527E+00    9.7821798852E-01    7.5028504071E+04    2.0000000000E+00    1.2000000000E+01    1.2585840820E+07
    1.3746858780E+01    0.0000000000E+00    1.6271792025E+01   -3.9134175139E+00    1.0234603537E+00    8.0266269807E+04    3.0000000000E+00    1.2000000000E+01    9.8332890892E+06
    2.1433400420E+01    0.0000000000E+00    2.2712466418E+01   -5.4164499031E+00    1.0302494952E+00    8.0937564426E+04    4.0000000000E+00    1.2000000000E+01    7.3109553474E+06
    2.7755105560E+01    0.0000000000E+00    3.1342766778E+01   -7.5312151513E+00    9.9793291444E-01    7.7022576393E+04    5.0000000000E+00    1.2000000000E+01    5.1823858629E+06
    3.2954317080E+01    0.0000000000E+00    4.3185237864E+01   -1.0489423524E+01    9.6640233034E-01    7.3349958434E+04    6.0000000000E+00    1.2000000000E+01    3.7161561621E+06
    3.7230347020E+01    0.0000000000E+00    5.5914077684E+01   -1.3721677458E+01    9.7495039441E-01    7.4920886669E+04    7.0000000000E+00    1.2000000000E+01    2.8878907787E+06
    4.0747117210E+01    0.0000000000E+00    6.8489233646E+01   -1.6505805295E+01    1.0165267892E+00    8.1359288603E+04    8.0000000000E+00    1.2000000000E+01    2.4087424598E+06
    4.3639443200E+01    0.0000000000E+00    8.1805891502E+01   -1.8117812372E+01    1.2270445679E+00    1.1013756860E+05    9.0000000000E+00    1.2000000000E+01    2.5250108299E+06
    4.6018202460E+01    0.0000000000E+00    6.8736291816E+01   -2.0124837879E+01    1.5092367763E+00    1.4761230869E+05    1.0000000000E+01    1.2000000000E+01    2.8753871233E+06
    4.8396961720E+01    0.0000000000E+00    4.2469329413E+01   -2.6289425809E+01    1.1243365055E+00    9.8103004084E+04    1.1000000000E+01    1.2000000000E+01    1.8077312942E+06
    5.0775720980E+01    0.0000000000E+00    2.6008933900E+01   -3.6909825198E+01    6.7618758199E-01    4.1134978896E+04    1.2000000000E+01    1.2000000000E+01    7.2802712383E+05
    5.3154480230E+01    0.0000000000E+00    1.6552352829E+01   -4.6551846689E+01    5.6073725891E-01    2.6136710120E+04    1.3000000000E+01    1.2000000000E+01    4.5050653931E+05
    5.5533239490E+01    0.0000000000E+00   -4.9553452628E+00   -5.2847309388E+01    6.9936271331E-01    3.6598852885E+04    1.4000000000E+01    1.2000000000E+01    6.1990642370E+05
    5.7911998750E+01    0.0000000000E+00   -4.6011653467E+01   -4.5288007442E+01    9.5924255994E-01    5.0227486986E+04    1.5000000000E+01    1.2000000000E+01    8.5120900907E+05
    6.0290758010E+01    0.0000000000E+00   -7.8946937249E+01   -3.8446385165E+01    7.4893025976E-01    3.1106209232E+04    1.6000000000E+01    1.2000000000E+01    6.0404623490E+05
    6.3233671320E+01    0.0000000000E+00   -7.4764397923E+01   -3.3985837155E+01    5.4283744750E-01    1.8386640309E+04    1.7000000000E+01    1.2000000000E+01    4.4474999571E+05
    6.6874535250E+01    0.0000000000E+00   -4.8330939029E+01   -2.5573179986E+01    5.8415060334E-01    2.5334424254E+04    1.8000000000E+01    1.2000000000E+01    7.4302348849E+05
    7.1378877970E+01    0.0000000000E+00   -3.3501323067E+01   -1.9305067219E+01    6.5639113435E-01    3.5123128623E+04    1.9000000000E+01    1.2000000000E+01    1.2722558072E+06
    7.6951484820E+01    0.0000000000E+00   -2.2355287603E+01   -1.4419399904E+01    7.2357868214E-01    4.3799883144E+04    2.0000000000E+01    1.2000000000E+01    1.9720044864E+06
    8.3845708720E+01    0.0000000000E+00   -1.4799555896E+01   -1.0785887087E+01    7.9096298941E-01    5.2180406230E+04    2.1000000000E+01    1.2000000000E+01    2.9309792104E+06
    9.2374988520E+01    0.0000000000E+00   -1.0246916673E+01   -8.2576339370E+00    8.0448029317E-01    5.4024139052E+04    2.2000000000E+01    1.2000000000E+01    3.7972706704E+06
    1.0292709926E+02    0.0000000000E+00    6.2591155194E+00   -6.1525406219E+00    8.8158859559E-01    6.4941417647E+04    2.3000000000E+01    1.2000000000E+01    5.7282323198E+06
    1.1598178864E+02    0.0000000000E+00    6.2591155194E+00   -6.1525406219E+00    7.8306647000E-01    8.3897963492E+02    2.4000000000E+01    1.2000000000E+01    8.4494255902E+04
   -6.6704928300E+00    7.3647144600E+00    0.0000000000E+00    0.0000000000E+00    1.1977799324E+00    1.0136000000E+05    1.0000000000E+00    1.3000000000E+01    2.1207357002E+07
    4.6581115200E+00    6.4783326400E+00    9.5813223011E+00    7.4581616743E+00    9.6795330350E-01    7.7786789434E+04    2.0000000000E+00    1.3000000000E+01    1.3045034383E+07
    1.3967113450E+01    5.7499635300E+00    1.6606788692E+01    9.4642281448E+00    1.0361688782E+00    8.5478382293E+04    3.0000000000E+00    1.3000000000E+01    1.0459305872E+07
    2.1616603960E+01    5.1514304700E+00    2.2886024210E+01    1.2166759411E+01    1.0797327543E+00    9.0113570048E+04    4.0000000000E+00    1.3000000000E+01    8.1217899142E+06
    2.7902475700E+01    4.6595809700E+00    3.1037380863E+01    1.5429230743E+01    1.1022111015E+00    9.1725822260E+04    5.0000000000E+00    1.3000000000E+01    6.1507412088E+06
    3.3067867310E+01    4.2553912100E+00    4.1140718348E+01    1.8957834625E+01    1.1430746826E+00    9.4507533996E+04    6.0000000000E+00    1.3000000000E+01    4.7639356634E+06
    3.7312563820E+01    3.9232302900E+00    5.3184870639E+01    2.2679353539E+01    1.2273047942E+00    1.0031472350E+05    7.0000000000E+00    1.3000000000E+01    3.8415643480E+06
    4.0800723150E+01    3.6502555300E+00    6.4610357533E+01    2.5404671247E+01    1.4146412624E+00    1.1442607007E+05    8.0000000000E+00    1.3000000000E+01    3.3612034153E+06
    4.3667227040E+01    3.4259153100E+00    7.0575664924E+01    2.5186787309E+01    1.9436074279E+00    1.5697843562E+05    9.0000000000E+00    1.3000000000E+01    3.5616492675E+06
    4.6022901230E+01    3.2415403800E+00    5.8467842230E+01    2.5313956690E+01    2.3597816898E+00    1.9477717017E+05    1.0000000000E+01    1.3000000000E+01    3.7618324886E+06
    4.8386804760E+01    3.0809501100E+00    3.8346952013E+01    3.1507797975E+01    1.6695721156E+00    1.3687229259E+05    1.1000000000E+01    1.3000000000E+01    2.5126549871E+06
    5.0762120780E+01    2.9562725900E+00    2.4566569898E+01    4.2230881719E+01    1.0121232561E+00    7.3726226573E+04    1.2000000000E+01    1.3000000000E+01    1.3048058604E+06
    5.3145870510E+01    2.8683655600E+00    1.5670972464E+01    4.8978821345E+01    8.9676851505E-01    6.3729849676E+04    1.3000000000E+01    1.3000000000E+01    1.0986302309E+06
    5.5535014160E+01    2.8178438200E+00   -1.1404896494E+01    4.9569543118E+01    1.3039494593E+00    1.2495154085E+05    1.4000000000E+01    1.3000000000E+01    2.1154045833E+06
    5.7926471090E+01    2.8050758000E+00   -6.7032777628E+01    5.3633297306E+01    1.3279038243E+00    1.5522416530E+05    1.5000000000E+01    1.3000000000E+01    2.6178230587E+06
    6.0284896260E+01    2.8146985600E+00   -1.1011864705E+02    5.7630358449E+01    7.2393841920E-01    6.8611922120E+04    1.6000000000E+01    1.3000000000E+01    1.3163143291E+06
    6.3207071230E+01    2.8266229700E+00   -7.0351778145E+01    4.6356287096E+01    6.6118497882E-01    4.7613055724E+04    1.7000000000E+01    1.3000000000E+01    1.1224549455E+06
    6.6827789080E+01    2.8413995900E+00   -4.7056714333E+01    3.8349521329E+01    7.5328863265E-01    5.6550983038E+04    1.8000000000E+01    1.3000000000E+01    1.6444289673E+06
    7.1314080610E+01    2.8597108000E+00   -3.1902270457E+01    3.1565803994E+01    8.1324378269E-01    6.1673017760E+04    1.9000000000E+01    1.3000000000E+01    2.2265074983E+06
    7.6872925810E+01    2.8824023000E+00   -2.1291811137E+01    2.6000760599E+01    8.5939702299E-01    6.6019218830E+04    2.0000000000E+01    1.3000000000E+01    2.9697071826E+06
    8.3760809580E+01    2.9105221200E+00   -1.4164006302E+01    2.1335299542E+01    8.9896441501E-01    7.0134184391E+04    2.1000000000E+01    1.3000000000E+01    3.9423078040E+06
    9.2295561990E+01    2.9453690500E+00   -9.8320120969E+00    1.7724046766E+01    8.8341504844E-01    6.7985932753E+04    2.2000000000E+01    1.3000000000E+01    4.7890092922E+06
    1.0287102821E+02    2.9885526000E+00    5.8561355335E+00    1.4245091912E+01    9.3417628295E-01    7.5270138123E+04    2.3000000000E+01    1.3000000000E+01    6.6628250913E+06
    1.1597524390E+02    3.0420673400E+00    0.0000000000E+00    0.0000000000E+00    3.9925997746E-01    3.3786666667E+04    2.4000000000E+01    1.3000000000E+01    3.3672008916E+06
