 TITLE = "Projeto1" 
 VARIABLES = "X" "Y" "u" "v" "q_vel_out" "rho" "p" "e" "mach" 
 ZONE I =           24  J =          13  DATAPACKING = POINT
    8.4500000000E-06   -3.5279003140E+01    6.7664759302E+01    0.0000000000E+00    6.7664759302E+01    1.1747690710E+00    9.8644360533E+04    2.4930025297E+05    1.9735068790E-01
    1.0306326720E+01   -3.1045768330E+01    6.7665057592E+01    2.4696234539E+01    7.2030993463E+01    1.2055755778E+00    1.0268620002E+05    2.5984304281E+05    2.0859148034E-01
    1.8746475060E+01   -2.7579047530E+01    8.9770246329E+01    3.5085646290E+01    9.6383088255E+01    1.1669751023E+00    9.8108588052E+04    2.5069189426E+05    2.8094033904E-01
    2.5658349530E+01   -2.4740052520E+01    1.0209168738E+02    4.0507652272E+01    1.0983434129E+02    1.1530978164E+00    9.6512834929E+04    2.4823733266E+05    3.2085932866E-01
    3.1318677600E+01   -2.2415119790E+01    1.1548738773E+02    4.5904257063E+01    1.2427605377E+02    1.1340469286E+00    9.4299803518E+04    2.4450692398E+05    3.6423657699E-01
    3.5954079200E+01   -2.0511167100E+01    1.2853880531E+02    5.1084627309E+01    1.3831798009E+02    1.1150293881E+00    9.2107415591E+04    2.4093483407E+05    4.0673400107E-01
    3.9750139730E+01   -1.8951966780E+01    1.4249186305E+02    5.6540982573E+01    1.5329975129E+02    1.0926464751E+00    8.9537634677E+04    2.3668312734E+05    4.5259990478E-01
    4.2858840280E+01   -1.7675093850E+01    1.5748936999E+02    6.2211503073E+01    1.6933154689E+02    1.0671432914E+00    8.6640242924E+04    2.3189979930E+05    5.0225630417E-01
    4.5404642460E+01   -1.6629426760E+01    1.7516626266E+02    6.8588373755E+01    1.8811588074E+02    1.0351688486E+00    8.3044929744E+04    2.2592838696E+05    5.6131995088E-01
    4.7489471440E+01   -1.5773100850E+01    1.9890801896E+02    7.3607321762E+01    2.1209063587E+02    9.9058560655E-01    7.8125196118E+04    2.1759246802E+05    6.3827512992E-01
    4.9607350680E+01   -1.5003262190E+01    2.2994624314E+02    7.1839835689E+01    2.4090711223E+02    9.3101093379E-01    7.1642971177E+04    2.0612361342E+05    7.3396643605E-01
    5.1781269800E+01   -1.4409848660E+01    2.6185680300E+02    6.1558966252E+01    2.6899533751E+02    8.6628743716E-01    6.4802251353E+04    1.9334725451E+05    8.3122136152E-01
    5.3996560260E+01   -1.3996868810E+01    2.9123937929E+02    4.5771234402E+01    2.9481414815E+02    8.0276182120E-01    5.8283038751E+04    1.8059377203E+05    9.2471215225E-01
    5.6238272770E+01   -1.3767109600E+01    3.1605747760E+02    2.4804395677E+01    3.1702931598E+02    7.4463296584E-01    5.2497823582E+04    1.6866519033E+05    1.0091039027E+00
    5.8491279600E+01   -1.3722117420E+01    3.2603697648E+02    4.8171917071E+00    3.2607256151E+02    7.1348250437E-01    4.9507671027E+04    1.6169909023E+05    1.0461781688E+00
    6.0744619520E+01   -1.3769711210E+01    3.1950637470E+02   -4.5606761018E+00    3.1953892289E+02    7.2359025843E-01    5.0496192632E+04    1.6318161784E+05    1.0222962973E+00
    6.3553982470E+01   -1.3829049520E+01    3.1312071087E+02   -5.9586461183E+00    3.1317740186E+02    7.3702422500E-01    5.1796153105E+04    1.6563408209E+05    9.9843208190E-01
    6.7056569970E+01   -1.3903029860E+01    3.1316990459E+02   -6.2596133051E+00    3.1323245665E+02    7.3316252486E-01    5.1399920790E+04    1.6446676561E+05    9.9981959264E-01
    7.1423438710E+01   -1.3995265220E+01    3.1534763454E+02   -6.2977030176E+00    3.1541051294E+02    7.2133226607E-01    5.0219474389E+04    1.6142912041E+05    1.0102846278E+00
    7.6867854440E+01   -1.4110260120E+01    3.1584852868E+02   -6.2808655030E+00    3.1591097217E+02    7.0881196528E-01    4.8981868969E+04    1.5782429817E+05    1.0156604380E+00
    8.3655707370E+01   -1.4253630600E+01    3.1593053889E+02   -6.1221584869E+00    3.1598985146E+02    6.9634307803E-01    4.7779032690E+04    1.5421236583E+05    1.0195348414E+00
    9.2118497430E+01   -1.4432378480E+01    3.0991151786E+02   -6.1691395643E+00    3.0997291364E+02    6.8729444274E-01    4.6754376717E+04    1.4990466896E+05    1.0044307687E+00
    1.0266952384E+02   -1.4655233290E+01    3.1005441726E+02   -6.3372141108E+00    3.1011917378E+02    6.7053386111E-01    4.5666056241E+04    1.4640906951E+05    1.0043340893E+00
    1.1582405090E+02   -1.4933078770E+01    3.1005288732E+02   -6.3373943761E+00    3.1011764784E+02    6.7053471243E-01    4.5666337602E+04    1.4640949653E+05    1.0043266911E+00
   -3.7493654000E-01   -3.4351956070E+01    6.7665057592E+01    0.0000000000E+00    6.7665057592E+01    1.1747688693E+00    9.8644336822E+04    2.4930021694E+05    1.9735156467E-01
    9.9825822500E+00   -3.0229171540E+01    6.7665355835E+01    2.4696341136E+01    7.2031310176E+01    1.2055755402E+00    1.0268620089E+05    2.5984307239E+05    2.0859239337E-01
    1.8465667490E+01   -2.6852503770E+01    8.9770659567E+01    3.5085803555E+01    9.6383530389E+01    1.1669749829E+00    9.8108581887E+04    2.5069192802E+05    2.8094162224E-01
    2.5413537970E+01   -2.4086928300E+01    1.0209220411E+02    4.0507852264E+01    1.0983489534E+02    1.1530976733E+00    9.6512828420E+04    2.4823738569E+05    3.2086093813E-01
    3.1104036770E+01   -2.1821850880E+01    1.1548800098E+02    4.5904496803E+01    1.2427671220E+02    1.1340467660E+00    9.4299796701E+04    2.4450699847E+05    3.6423849382E-01
    3.5764723450E+01   -1.9966692010E+01    1.2853950866E+02    5.1084904963E+01    1.3831873626E+02    1.1150292043E+00    9.2107407797E+04    2.4093492945E+05    4.0673620832E-01
    3.9581973480E+01   -1.8447265030E+01    1.4249264133E+02    5.6541292925E+01    1.5330058916E+02    1.0926462673E+00    8.9537625006E+04    2.3668324107E+05    4.5260235990E-01
    4.2708431140E+01   -1.7202809630E+01    1.5749021278E+02    6.2211842392E+01    1.6933245541E+02    1.0671430460E+00    8.6640229650E+04    2.3189992676E+05    5.0225897966E-01
    4.5269114030E+01   -1.6183562030E+01    1.7516715717E+02    6.8588737929E+01    1.8811684646E+02    1.0351685248E+00    8.3044907901E+04    2.2592851468E+05    5.6132281849E-01
    4.7366413090E+01   -1.5348765120E+01    1.9890899613E+02    7.3607707307E+01    2.1209168611E+02    9.9058511587E-01    7.8125155534E+04    2.1759257618E+05    6.3827829826E-01
    4.9504999150E+01   -1.4598047580E+01    2.2994733401E+02    7.1840209216E+01    2.4090826486E+02    9.3101015488E-01    7.1642900205E+04    2.0612367190E+05    7.3397000426E-01
    5.1698067720E+01   -1.4018847730E+01    2.6185805607E+02    6.1559294800E+01    2.6899663252E+02    8.6628634132E-01    6.4802148865E+04    1.9334726041E+05    8.3122549480E-01
    5.3931360230E+01   -1.3615074210E+01    2.9124084984E+02    4.5771500715E+01    2.9481564221E+02    8.0276026810E-01    5.8282892748E+04    1.8059369312E+05    9.2471710223E-01
    5.6190344140E+01   -1.3389449650E+01    3.1605932986E+02    2.4804566320E+01    3.1703117591E+02    7.4463067068E-01    5.2497609058E+04    1.6866497775E+05    1.0091103295E+00
    5.8460312160E+01   -1.3343492330E+01    3.2603940307E+02    4.8172158482E+00    3.2607498819E+02    7.1347909738E-01    4.9507353202E+04    1.6169867911E+05    1.0461868149E+00
    6.0717878330E+01   -1.3389802890E+01    3.1950922287E+02   -4.5607684428E+00    3.1954177209E+02    7.2358624562E-01    5.0495814887E+04    1.6318112739E+05    1.0223064018E+00
    6.3531877740E+01   -1.3447528720E+01    3.1312381849E+02   -5.9587560833E+00    3.1318051102E+02    7.3702021054E-01    5.1795772688E+04    1.6563365183E+05    9.9844294147E-01
    6.7039463590E+01   -1.3519483110E+01    3.1317332024E+02   -6.2597171736E+00    3.1323587369E+02    7.3315837526E-01    5.1399527727E+04    1.6446636410E+05    9.9983149311E-01
    7.1411597120E+01   -1.3609173330E+01    3.1535150110E+02   -6.2978140982E+00    3.1541438095E+02    7.2132776525E-01    5.0219052510E+04    1.6142872187E+05    1.0102981090E+00
    7.6861381490E+01   -1.3720971250E+01    3.1585282441E+02   -6.2809762507E+00    3.1591526925E+02    7.0880740505E-01    4.8981437804E+04    1.5782395491E+05    1.0156754563E+00
    8.3654450210E+01   -1.3860326380E+01    3.1593502385E+02   -6.1222911319E+00    3.1599433815E+02    6.9633845321E-01    4.7778611098E+04    1.5421206820E+05    1.0195504300E+00
    9.2121916200E+01   -1.4034031630E+01    3.0991718187E+02   -6.1691550400E+00    3.0997857683E+02    6.8729073769E-01    4.6754048904E+04    1.4990487794E+05    1.0044499335E+00
    1.0267651289E+02   -1.4250554360E+01    3.1005594879E+02   -6.3370352393E+00    3.1012070133E+02    6.7053300758E-01    4.5665774766E+04    1.4640864242E+05    1.0043414924E+00
    1.1583269561E+02   -1.4520449310E+01    3.1005441726E+02   -6.3372141108E+00    3.1011917378E+02    6.7053386111E-01    4.5666056241E+04    1.4640906951E+05    1.0043340893E+00
   -8.1922002000E-01   -3.3214552130E+01    6.9266244107E+01    0.0000000000E+00    6.9266244107E+01    1.1736736583E+00    9.8515611322E+04    2.4910456142E+05    2.0205926629E-01
    9.5991315900E+00   -2.9227426920E+01    6.9266500956E+01    2.3859989569E+01    7.3260816654E+01    1.1996535521E+00    1.0195340801E+05    2.5810287866E+05    2.1239035266E-01
    1.8133277590E+01   -2.5961397340E+01    9.0197766575E+01    3.3431066327E+01    9.6193935832E+01    1.1663023363E+00    9.8022787002E+04    2.5045302463E+05    2.8043080995E-01
    2.5123991480E+01   -2.3286050360E+01    1.0287094716E+02    3.9108514128E+01    1.1005411236E+02    1.1526252333E+00    9.6457100446E+04    2.4812299630E+05    3.2152830989E-01
    3.0850429370E+01   -2.1094553290E+01    1.1656480994E+02    4.4523618914E+01    1.2477863422E+02    1.1335813920E+00    9.4250428993E+04    2.4445083787E+05    3.6573026121E-01
    3.5541258340E+01   -1.9299394780E+01    1.2988927378E+02    4.9654448902E+01    1.3905677883E+02    1.1144415705E+00    9.2048756610E+04    2.4089675157E+05    4.0892892959E-01
    3.9383786280E+01   -1.7828890980E+01    1.4410713606E+02    5.4967849089E+01    1.5423466244E+02    1.0918830430E+00    8.9463333434E+04    2.3664537126E+05    4.5539000261E-01
    4.2531441210E+01   -1.6624323360E+01    1.5935744950E+02    6.0380464169E+01    1.7041301935E+02    1.0661720990E+00    8.6546043703E+04    2.3184624647E+05    5.0550889298E-01
    4.5109898660E+01   -1.5637593960E+01    1.7684330021E+02    6.6089599179E+01    1.8878926863E+02    1.0346949213E+00    8.3006955352E+04    2.2595636993E+05    5.6332912125E-01
    4.7222101310E+01   -1.4829304830E+01    1.9906721727E+02    6.9762014193E+01    2.1093718405E+02    9.9403040688E-01    7.8508177585E+04    2.1838488475E+05    6.3435375183E-01
    4.9384793640E+01   -1.4102194370E+01    2.2790322956E+02    6.6858466203E+01    2.3750776103E+02    9.4138810103E-01    7.2752219097E+04    2.0843236927E+05    7.2206287742E-01
    5.1600068280E+01   -1.3540614770E+01    2.5850834086E+02    5.6489423302E+01    2.6460842247E+02    8.8252441851E-01    6.6466503314E+04    1.9706238675E+05    8.1489489137E-01
    5.3854166510E+01   -1.3148350710E+01    2.8733756805E+02    4.1210437590E+01    2.9027776040E+02    8.2290158223E-01    6.0266671608E+04    1.8533600744E+05    9.0653607451E-01
    5.6133064010E+01   -1.2928043990E+01    3.1273674707E+02    2.1225117324E+01    3.1345618286E+02    7.6597685967E-01    5.4512844408E+04    1.7391255439E+05    9.9305025183E-01
    5.8422566480E+01   -1.2881175950E+01    3.2597130224E+02    2.4627094664E+00    3.2598060498E+02    7.2888620086E-01    5.0896877688E+04    1.6596914071E+05    1.0425863562E+00
    6.0685277420E+01   -1.2925914190E+01    3.2329435819E+02   -5.8062404899E+00    3.2334649289E+02    7.2904816950E-01    5.0929718593E+04    1.6543636652E+05    1.0339430318E+00
    6.3504918180E+01   -1.2981665290E+01    3.1800287370E+02   -6.2452276410E+00    3.1806419250E+02    7.3833367899E-01    5.1848260585E+04    1.6696735222E+05    1.0144017864E+00
    6.7018581810E+01   -1.3051139870E+01    3.1791465249E+02   -5.9471696818E+00    3.1797027391E+02    7.3395323641E-01    5.1422609157E+04    1.6565972877E+05    1.0152655354E+00
    7.1397111430E+01   -1.3137716350E+01    3.2009478850E+02   -5.6736091667E+00    3.2014506628E+02    7.2179644825E-01    5.0234757535E+04    1.6257638625E+05    1.0256236120E+00
    7.6853409680E+01   -1.3245604970E+01    3.2104189498E+02   -5.6244764741E+00    3.2109116006E+02    7.0910314643E-01    4.8991040039E+04    1.5903170175E+05    1.0324302194E+00
    8.3652794060E+01   -1.3380052480E+01    3.2141225924E+02   -5.4276173753E+00    3.2145808346E+02    6.9642039850E-01    4.7786059390E+04    1.5544755368E+05    1.0371592994E+00
    9.2125901690E+01   -1.3547597450E+01    3.1783777085E+02   -5.6563554942E+00    3.1788809813E+02    6.8683977749E-01    4.6758301423E+04    1.5159930964E+05    1.0296950062E+00
    1.0268477089E+02   -1.3756388210E+01    3.1424622638E+02   -6.0151774932E+00    3.1430379118E+02    6.7276317113E-01    4.5662360514E+04    1.4738598631E+05    1.0196180779E+00
    1.1584286401E+02   -1.4016579340E+01    3.1424286201E+02   -6.0153728854E+00    3.1430043117E+02    6.7276475919E-01    4.5662586871E+04    1.4738592016E+05    1.0196058541E+00
   -1.3413917200E+00   -3.1817897940E+01    7.2233206063E+01    0.0000000000E+00    7.2233206063E+01    1.1715782648E+00    9.8269463402E+04    2.4873009301E+05    2.1078962648E-01
    9.1489013400E+00   -2.7997494540E+01    7.2233417027E+01    2.1583015282E+01    7.5388945370E+01    1.1985861035E+00    1.0178220298E+05    2.5786158537E+05    2.1864640745E-01
    1.7743498550E+01   -2.4867483350E+01    9.1685139822E+01    3.1481208029E+01    9.6939317736E+01    1.1665907446E+00    9.8030312275E+04    2.5055714223E+05    2.8262788672E-01
    2.4784987760E+01   -2.2303101760E+01    1.0422824254E+02    3.7430067059E+01    1.1074536768E+02    1.1527636467E+00    9.6457488399E+04    2.4821277689E+05    3.2356662048E-01
    3.0554060080E+01   -2.0202127720E+01    1.1804431296E+02    4.2771865603E+01    1.2555434007E+02    1.1337075811E+00    9.4257801254E+04    2.4458032524E+05    3.6800997022E-01
    3.5280679510E+01   -1.8480811930E+01    1.3159683902E+02    4.7755223040E+01    1.3999389047E+02    1.1145077953E+00    9.2055334178E+04    2.4105955858E+05    4.1168224842E-01
    3.9153247660E+01   -1.7070540360E+01    1.4606462435E+02    5.2798932108E+01    1.5531452514E+02    1.0919137857E+00    8.9470276077E+04    2.3684559087E+05    4.5856704533E-01
    4.2326113370E+01   -1.5915099610E+01    1.6156652189E+02    5.7755899206E+01    1.7157938363E+02    1.0662331911E+00    8.6558779066E+04    2.3209162562E+05    5.0894590385E-01
    4.4925726290E+01   -1.4968436220E+01    1.7915514112E+02    6.2628904248E+01    1.8978657550E+02    1.0350937377E+00    8.3057810831E+04    2.2628601889E+05    5.6624068688E-01
    4.7055679380E+01   -1.4192820810E+01    2.0070414712E+02    6.5822760923E+01    2.1122213551E+02    9.9552421794E-01    7.8677750956E+04    2.1890192961E+05    6.3500238666E-01
    4.9245912110E+01   -1.3494964160E+01    2.2779367537E+02    6.4001192355E+01    2.3661384398E+02    9.4405927166E-01    7.3065231808E+04    2.0909018318E+05    7.1882037861E-01
    5.1486408710E+01   -1.2955334700E+01    2.5673520908E+02    5.5788407696E+01    2.6272669072E+02    8.8590457495E-01    6.6867740083E+04    1.9774427095E+05    8.0821206083E-01
    5.3764019790E+01   -1.2577563400E+01    2.8439512306E+02    4.2844828567E+01    2.8760435559E+02    8.2666872658E-01    6.0721968801E+04    1.8599439688E+05    8.9685921141E-01
    5.6065340850E+01   -1.2364190610E+01    3.0937633519E+02    2.5189695490E+01    3.1040012489E+02    7.6965666079E-01    5.4962222410E+04    1.7448308741E+05    9.8168971954E-01
    5.8376803500E+01   -1.2316649350E+01    3.2351648120E+02    7.1319712987E+00    3.2359508436E+02    7.3117618062E-01    5.1197915339E+04    1.6627689870E+05    1.0335292603E+00
    6.0645767600E+01   -1.2359460680E+01    3.2251536922E+02   -3.3396870506E+00    3.2253266020E+02    7.2903349291E-01    5.0994337274E+04    1.6540554228E+05    1.0306766690E+00
    6.3472260180E+01   -1.2412793280E+01    3.1867753700E+02   -5.4296069889E+00    3.1872378829E+02    7.3752106484E-01    5.1815350494E+04    1.6699886079E+05    1.0162684784E+00
    6.6993298720E+01   -1.2479232650E+01    3.1978786451E+02   -5.4987633503E+00    3.1983513672E+02    7.3340999581E-01    5.1396852406E+04    1.6600404081E+05    1.0210977191E+00
    7.1379579410E+01   -1.2562000360E+01    3.2302749182E+02   -5.2438292879E+00    3.2307005157E+02    7.2146750097E-01    5.0221314252E+04    1.6320460325E+05    1.0348967729E+00
    7.6843756600E+01   -1.2665109890E+01    3.2544940094E+02   -5.2000860885E+00    3.2549094222E+02    7.0892028386E-01    4.8984243385E+04    1.6001365903E+05    1.0465148344E+00
    8.3650757510E+01   -1.2793561370E+01    3.2675135303E+02   -4.9452634814E+00    3.2678877327E+02    6.9633496978E-01    4.7781514574E+04    1.5663490631E+05    1.0543438211E+00
    9.2130632620E+01   -1.2953584120E+01    3.2623080985E+02   -5.1948209681E+00    3.2627216776E+02    6.8628221397E-01    4.6757120292E+04    1.5342138198E+05    1.0564367599E+00
    1.0269456436E+02   -1.3152938790E+01    3.2229929034E+02   -5.7520980668E+00    3.2235061530E+02    6.7386427233E-01    4.5663101557E+04    1.4916834493E+05    1.0465693167E+00
    1.1585479368E+02   -1.3401293890E+01    3.2229591814E+02   -5.7522980278E+00    3.2234724721E+02    6.7386648582E-01    4.5663332361E+04    1.4916830533E+05    1.0465574555E+00
   -1.9484990300E+00   -3.0101349610E+01    7.5095762061E+01    0.0000000000E+00    7.5095762061E+01    1.1694755802E+00    9.8022635939E+04    2.4835414463E+05    2.1922183128E-01
    8.6264727800E+00   -2.6485958430E+01    7.5095930351E+01    2.0184878331E+01    7.7761353310E+01    1.1928259586E+00    1.0105275927E+05    2.5623830491E+05    2.2579496063E-01
    1.7292317850E+01   -2.3523274230E+01    9.2871529335E+01    2.9329232516E+01    9.7392632376E+01    1.1656738110E+00    9.7893240131E+04    2.5026149770E+05    2.8403656673E-01
    2.4393725320E+01   -2.1095457340E+01    1.0549194593E+02    3.5329261231E+01    1.1125065103E+02    1.1521744517E+00    9.6366501195E+04    2.4804631599E+05    3.2511321153E-01
    3.0213167820E+01   -1.9105937190E+01    1.1946574742E+02    4.0540418723E+01    1.2615700677E+02    1.1332787650E+00    9.4193335925E+04    2.4450174011E+05    3.6983298689E-01
    3.4982117740E+01   -1.7475577610E+01    1.3325240095E+02    4.5350639610E+01    1.4075824264E+02    1.1139884580E+00    9.1986898244E+04    2.4100290703E+05    4.1398745062E-01
    3.8890251290E+01   -1.6139530400E+01    1.4794095285E+02    5.0102914201E+01    1.5619483840E+02    1.0912818700E+00    8.9394518308E+04    2.3679820356E+05    4.6122802303E-01
    4.2092992540E+01   -1.5044656460E+01    1.6359098924E+02    5.4619681466E+01    1.7246831989E+02    1.0655907994E+00    8.6485792274E+04    2.3206265107E+05    5.1164432536E-01
    4.4717696890E+01   -1.4147412240E+01    1.8088956953E+02    5.8706772336E+01    1.9017760510E+02    1.0351878114E+00    8.3068159563E+04    2.2639048761E+05    5.6739778607E-01
    4.6868719460E+01   -1.3412117490E+01    2.0089486826E+02    6.0833306924E+01    2.0990340475E+02    9.9903819749E-01    7.9058947559E+04    2.1965590032E+05    6.3062473008E-01
    4.9089521780E+01   -1.2750664590E+01    2.2560997322E+02    5.8388750753E+01    2.3304314242E+02    9.5362231115E-01    7.4089414784E+04    2.1111872466E+05    7.0661431188E-01
    5.1357759230E+01   -1.2238528860E+01    2.5270376114E+02    5.0455123036E+01    2.5769150226E+02    9.0115994897E-01    6.8456470605E+04    2.0106189932E+05    7.9018679548E-01
    5.3661025250E+01   -1.1879150670E+01    2.7922160568E+02    3.8400071746E+01    2.8184973051E+02    8.4625589429E-01    6.2700320231E+04    1.9036377607E+05    8.7512397084E-01
    5.5986671240E+01   -1.1674943080E+01    3.0399014626E+02    2.2146689608E+01    3.0479580851E+02    7.9147833326E-01    5.7096704687E+04    1.7950612219E+05    9.5908912342E-01
    5.8321892460E+01   -1.1627276230E+01    3.2055797505E+02    5.4679647737E+00    3.2060460696E+02    7.4910143905E-01    5.2893765611E+04    1.7073347645E+05    1.0197032731E+00
    6.0598429660E+01   -1.1667725950E+01    3.2364764188E+02   -4.4119513649E+00    3.2367771226E+02    7.3686938182E-01    5.1704658050E+04    1.6786153870E+05    1.0327119405E+00
    6.3433210150E+01   -1.1718096700E+01    3.2164893683E+02   -5.9488516554E+00    3.2170394371E+02    7.3936538204E-01    5.1955928724E+04    1.6814955055E+05    1.0256622399E+00
    6.6963154880E+01   -1.1780821780E+01    3.2303989158E+02   -5.3706650951E+00    3.2308453320E+02    7.3402726183E-01    5.1431870965E+04    1.6688988718E+05    1.0315542754E+00
    7.1358775240E+01   -1.1858931950E+01    3.2635931086E+02   -4.7176145143E+00    3.2639340630E+02    7.2179280833E-01    5.0239824108E+04    1.6404681263E+05    1.0455855653E+00
    7.6832415470E+01   -1.1956201640E+01    3.2946202546E+02   -4.5563183938E+00    3.2949352992E+02    7.0906659217E-01    4.8996247735E+04    1.6098087629E+05    1.0593634240E+00
    8.3648517490E+01   -1.2077331390E+01    3.3133973310E+02   -4.3246746917E+00    3.3136795491E+02    6.9648205665E-01    4.7790649545E+04    1.5771513301E+05    1.0691287027E+00
    9.2136404360E+01   -1.2228175150E+01    3.3277812684E+02   -4.5977956422E+00    3.3280988781E+02    6.8604856954E-01    4.6763431854E+04    1.5490278002E+05    1.0773490840E+00
    1.0270619947E+02   -1.2416023240E+01    3.3013475044E+02   -5.3259700373E+00    3.3017770883E+02    6.7425653326E-01    4.5666828735E+04    1.5091989176E+05    1.0722495842E+00
    1.1586863495E+02   -1.2649954860E+01    3.3013191013E+02   -5.3261673888E+00    3.3017487207E+02    6.7425989587E-01    4.5667148973E+04    1.5092024412E+05    1.0722392860E+00
   -2.6440171400E+00   -2.7989633500E+01    7.8566697660E+01    0.0000000000E+00    7.8566697660E+01    1.1668196534E+00    9.7711118793E+04    2.4787902598E+05    2.2945860877E-01
    8.0301409900E+00   -2.4626487800E+01    7.8566837212E+01    1.7669349739E+01    8.0529211034E+01    1.1897816514E+00    1.0064294811E+05    2.5546520981E+05    2.3400836643E-01
    1.6779571680E+01   -2.1869785270E+01    9.4637400199E+01    2.6609390826E+01    9.8307157402E+01    1.1654821870E+00    9.7832383467E+04    2.5021274178E+05    2.8676927846E-01
    2.3951377310E+01   -1.9610166800E+01    1.0705324179E+02    3.2644752034E+01    1.1191995539E+02    1.1520337281E+00    9.6317501075E+04    2.4800898394E+05    3.2713235821E-01
    2.9830081800E+01   -1.7757988250E+01    1.2100631165E+02    3.7644151354E+01    1.2672651495E+02    1.1333037795E+00    9.4170345278E+04    2.4452607132E+05    3.7155196376E-01
    3.4648898760E+01   -1.6239770220E+01    1.3493742481E+02    4.2171113291E+01    1.4137365883E+02    1.1139806210E+00    9.1965250047E+04    2.4104541831E+05    4.1584493871E-01
    3.8598979480E+01   -1.4995284460E+01    1.4978145297E+02    4.6501550093E+01    1.5683391794E+02    1.0912770479E+00    8.9377159232E+04    2.3686390218E+05    4.6315911044E-01
    4.1836995390E+01   -1.3975165280E+01    1.6551447173E+02    5.0441541221E+01    1.7303002465E+02    1.0657325369E+00    8.6487394828E+04    2.3217217780E+05    5.1334005948E-01
    4.4491355150E+01   -1.3138951090E+01    1.8260216865E+02    5.3682655202E+01    1.9032965997E+02    1.0359884003E+00    8.3143638571E+04    2.2662363289E+05    5.6781307276E-01
    4.6667302190E+01   -1.2453478970E+01    2.0159547693E+02    5.5229488108E+01    2.0902400024E+02    1.0016329800E+00    7.9331665161E+04    2.2021035253E+05    6.2771594394E-01
    4.8920542700E+01   -1.1837506060E+01    2.2450178838E+02    5.3492272500E+01    2.3078664650E+02    9.5855038424E-01    7.4620729768E+04    2.1207920793E+05    6.9907598864E-01
    5.1217767060E+01   -1.1359980810E+01    2.4977489691E+02    4.7400374019E+01    2.5423275671E+02    9.0798519818E-01    6.9192553513E+04    2.0232487517E+05    7.7835405812E-01
    5.3547474250E+01   -1.1024107310E+01    2.7489624126E+02    3.7679674835E+01    2.7746657701E+02    8.5457032747E-01    6.3587418538E+04    1.9186424893E+05    8.5967632379E-01
    5.5897937520E+01   -1.0832139080E+01    2.9890607200E+02    2.4093250306E+01    2.9987551515E+02    8.0044566579E-01    5.8042953030E+04    1.8109755073E+05    9.4117020048E-01
    5.8257283820E+01   -1.0785364750E+01    3.1638569110E+02    9.2835753500E+00    3.1652186387E+02    7.5639588543E-01    5.3650030724E+04    1.7201525005E+05    1.0044522316E+00
    6.0542934920E+01   -1.0822920750E+01    3.2178985130E+02   -1.6701585965E+00    3.2179418551E+02    7.3940084678E-01    5.1985342440E+04    1.6824638869E+05    1.0256842625E+00
    6.3387668370E+01   -1.0869665670E+01    3.2151379325E+02   -4.8998160320E+00    3.2155112727E+02    7.3884100338E-01    5.1925235350E+04    1.6800936823E+05    1.0251142638E+00
    6.6928278510E+01   -1.0927847880E+01    3.2377137678E+02   -4.8056092132E+00    3.2380703869E+02    7.3323723358E-01    5.1365984440E+04    1.6685528907E+05    1.0339670861E+00
    7.1335040140E+01   -1.1000266600E+01    3.2768350826E+02   -4.2054093741E+00    3.2771049275E+02    7.2136441992E-01    5.0202390127E+04    1.6424114083E+05    1.0498844197E+00
    7.6819904930E+01   -1.1090406260E+01    3.3162121355E+02   -4.0482566293E+00    3.3164592212E+02    7.0886271797E-01    4.8980768643E+04    1.6143547861E+05    1.0662987830E+00
    8.3646704750E+01   -1.1202604360E+01    3.3428971434E+02   -3.8404905920E+00    3.3431177437E+02    6.9643013352E-01    4.7783416446E+04    1.5837657606E+05    1.0786680939E+00
    9.2143852340E+01   -1.1342260220E+01    3.3701737075E+02   -4.0881599456E+00    3.3704216538E+02    6.8592864526E-01    4.6764236286E+04    1.5587045334E+05    1.0909447718E+00
    1.0272015028E+02   -1.1516094970E+01    3.3594194579E+02   -4.8334400900E+00    3.3597671509E+02    6.7442306060E-01    4.5674070080E+04    1.5224973181E+05    1.0911300353E+00
    1.1588445383E+02   -1.1732475150E+01    3.3593965643E+02   -4.8331846613E+00    3.3597442230E+02    6.7442656369E-01    4.5674398577E+04    1.5225023124E+05    1.0911214991E+00
   -3.4244493700E+00   -2.5389355320E+01    8.1985430028E+01    0.0000000000E+00    8.1985430028E+01    1.1640901630E+00    9.7391268664E+04    2.4739045213E+05    2.3955539675E-01
    7.3651011700E+00   -2.2336822080E+01    8.1985549296E+01    1.5516650083E+01    8.3440977482E+01    1.1839958759E+00    9.9913980831E+04    2.5390667658E+05    2.4276011171E-01
    1.6211961590E+01   -1.9833918240E+01    9.6256276428E+01    2.3630591151E+01    9.9114457018E+01    1.1640028059E+00    9.7622218750E+04    2.4977293985E+05    2.8925153001E-01
    2.3465973270E+01   -1.7781671750E+01    1.0852109196E+02    2.9398264342E+01    1.1243258134E+02    1.1510285126E+00    9.6167062904E+04    2.4769278209E+05    3.2874414654E-01
    2.9413995930E+01   -1.6098927260E+01    1.2244939329E+02    3.4053813583E+01    1.2709648357E+02    1.1326781387E+00    9.4070181540E+04    2.4432382115E+05    3.7273209063E-01
    3.4291232380E+01   -1.4719142240E+01    1.3652042331E+02    3.8215263376E+01    1.4176823457E+02    1.1133456995E+00    9.1868948440E+04    2.4086051137E+05    4.1710515624E-01
    3.8290524370E+01   -1.3587757280E+01    1.5147760170E+02    4.2066457588E+01    1.5721021172E+02    1.0906436819E+00    8.9285321799E+04    2.3669096143E+05    4.6437426590E-01
    4.1569977270E+01   -1.2660039290E+01    1.6718280490E+02    4.5406549918E+01    1.7323927103E+02    1.0653123686E+00    8.6422748107E+04    2.3204286513E+05    5.1405167478E-01
    4.4259214110E+01   -1.1899312610E+01    1.8382771978E+02    4.7860616083E+01    1.8995596630E+02    1.0365249785E+00    8.3186924691E+04    2.2666791661E+05    5.6669746832E-01
    4.6464505540E+01   -1.1275508220E+01    2.0140728481E+02    4.8681935403E+01    2.0720720356E+02    1.0049591338E+00    7.9680863323E+04    2.2077603068E+05    6.2192500333E-01
    4.8749833090E+01   -1.0716465510E+01    2.2214799685E+02    4.6773285449E+01    2.2701866164E+02    9.6668682556E-01    7.5485349674E+04    2.1362367214E+05    6.8660838929E-01
    5.1074933610E+01   -1.0282610490E+01    2.4535331599E+02    4.1279201286E+01    2.4880157179E+02    9.2127701019E-01    7.0585603750E+04    2.0497855644E+05    7.5967205660E-01
    5.3429410000E+01   -9.9768544500E+00    2.6893949709E+02    3.2788185290E+01    2.7093083655E+02    8.7240711835E-01    6.5413938823E+04    1.9555372295E+05    8.3621676470E-01
    5.5802659770E+01   -9.8012510800E+00    2.9203796547E+02    2.1022894960E+01    2.9279367375E+02    8.2146847802E-01    6.0144649697E+04    1.8557310469E+05    9.1452297970E-01
    5.8183946580E+01   -9.7569836600E+00    3.1074277554E+02    8.0792015166E+00    3.1084778597E+02    7.7634606131E-01    5.5587376454E+04    1.7647618272E+05    9.8180072619E-01
    6.0480449870E+01   -9.7909973100E+00    3.1998358340E+02   -2.1990338436E+00    3.1999113956E+02    7.5076255105E-01    5.3058718494E+04    1.7108371021E+05    1.0172948775E+00
    6.3336991030E+01   -9.8333085300E+00    3.2252367856E+02   -5.3772236801E+00    3.2256850089E+02    7.4219381895E-01    5.2218105276E+04    1.6915805907E+05    1.0277939333E+00
    6.6890192450E+01   -9.8859417600E+00    3.2548543123E+02   -4.7995843718E+00    3.2552081647E+02    7.3399494070E-01    5.1413823318E+04    1.6742300556E+05    1.0394924304E+00
    7.1310018090E+01   -9.9514159200E+00    3.2941843310E+02   -3.7602805350E+00    3.2943989403E+02    7.2170224851E-01    5.0215950700E+04    1.6470328157E+05    1.0555294533E+00
    7.6807912830E+01   -1.0032864870E+01    3.3351192929E+02   -3.4216550118E+00    3.3352948101E+02    7.0911837500E-01    4.8993880349E+04    1.6192654376E+05    1.0724045817E+00
    8.3646928990E+01   -1.0134187500E+01    3.3651304210E+02   -3.2360609319E+00    3.3652860145E+02    6.9665041395E-01    4.7794630313E+04    1.5893492782E+05    1.0858650605E+00
    9.2154324430E+01   -1.0260234460E+01    3.3982055958E+02   -3.4766815949E+00    3.3983834397E+02    6.8605171197E-01    4.6774916714E+04    1.5655338221E+05    1.0999685692E+00
    1.0273723471E+02   -1.0417040520E+01    3.3983974214E+02   -4.2556892250E+00    3.3986638732E+02    6.7476742247E-01    4.5701736046E+04    1.5322524961E+05    1.1037098079E+00
    1.1590215597E+02   -1.0612113640E+01    3.3983784025E+02   -4.2554208285E+00    3.3986448222E+02    6.7477143042E-01    4.5702112044E+04    1.5322598418E+05    1.1037023588E+00
   -4.2738442500E+00   -2.2184900350E+01    8.5577178367E+01    0.0000000000E+00    8.5577178367E+01    1.1611017309E+00    9.7041418826E+04    2.4685518431E+05    2.5017880428E-01
    6.6478971600E+00   -1.9515423210E+01    8.5577285270E+01    1.2698880143E+01    8.6514353208E+01    1.1795272604E+00    9.9345536937E+04    2.5277806583E+05    2.5194396393E-01
    1.5606661130E+01   -1.7325743600E+01    9.8206790462E+01    2.0019471246E+01    1.0022650808E+02    1.1628681857E+00    9.7452149284E+04    2.4947108387E+05    2.9260929344E-01
    2.2955320460E+01   -1.5529615580E+01    1.1019717658E+02    2.5380622784E+01    1.1308224326E+02    1.1502188765E+00    9.6037849817E+04    2.4744889040E+05    3.3074967688E-01
    2.8983332170E+01   -1.4056291840E+01    1.2399390741E+02    2.9587058462E+01    1.2747502933E+02    1.1322473462E+00    9.3990422905E+04    2.4417550077E+05    3.7392969612E-01
    3.3928121050E+01   -1.2847741360E+01    1.3814444368E+02    3.3265623357E+01    1.4209324057E+02    1.1129288266E+00    9.1794977557E+04    2.4072273252E+05    4.1815147856E-01
    3.7984425620E+01   -1.1856365270E+01    1.5315852452E+02    3.6530458345E+01    1.5745478088E+02    1.0902883276E+00    8.9221859039E+04    2.3656986608E+05    4.6518626285E-01
    4.1311967090E+01   -1.1043122710E+01    1.6878220356E+02    3.9205243922E+01    1.7327574380E+02    1.0652381484E+00    8.6393331458E+04    2.3197494119E+05    5.1422951349E-01
    4.4041742670E+01   -1.0375992950E+01    1.8498678287E+02    4.0926433159E+01    1.8945997669E+02    1.0372990765E+00    8.3253464369E+04    2.2675062903E+05    5.6520279398E-01
    4.6281190000E+01   -9.8287136300E+00    2.0149193119E+02    4.1298806028E+01    2.0568079569E+02    1.0076181177E+00    7.9955879386E+04    2.2120313400E+05    6.1709568227E-01
    4.8595101130E+01   -9.3407358100E+00    2.2058654342E+02    3.9827562843E+01    2.2415320185E+02    9.7197037797E-01    7.6046440795E+04    2.1453426155E+05    6.7727960431E-01
    5.0943648260E+01   -8.9617716300E+00    2.4199488785E+02    3.5757522727E+01    2.4462241553E+02    9.2923296908E-01    7.1429751939E+04    2.0637708891E+05    7.4568424374E-01
    5.3317779820E+01   -8.6943694800E+00    2.6403614135E+02    2.9387531324E+01    2.6566654087E+02    8.8278158536E-01    6.6500687502E+04    1.9740451192E+05    8.1806235533E-01
    5.5708264180E+01   -8.5403327900E+00    2.8602566891E+02    2.0315678853E+01    2.8674624685E+02    8.3360174538E-01    6.1395836224E+04    1.8776037964E+05    8.9298378423E-01
    5.8105751720E+01   -8.5007089600E+00    3.0501748255E+02    1.0051065069E+01    3.0518304109E+02    7.8805347769E-01    5.6766989240E+04    1.7861581877E+05    9.6100642877E-01
    6.0414966400E+01   -8.5303856400E+00    3.1668496316E+02    4.2915222759E-01    3.1668525394E+02    7.5725895049E-01    5.3703987979E+04    1.7223254966E+05    1.0050386485E+00
    6.3285253050E+01   -8.5672758700E+00    3.2168090554E+02   -3.9585117361E+00    3.2170526077E+02    7.4289383084E-01    5.2285545113E+04    1.6915649192E+05    1.0248650921E+00
    6.6852991140E+01   -8.6131333500E+00    3.2561562156E+02   -4.0390308222E+00    3.2564067126E+02    7.3290946772E-01    5.1301726700E+04    1.6711385349E+05    1.0402405953E+00
    7.1287723850E+01   -8.6701386800E+00    3.2982990402E+02   -3.1239139827E+00    3.2984469744E+02    7.2095766988E-01    5.0134456952E+04    1.6455534723E+05    1.0571392908E+00
    7.6800225540E+01   -8.7410029000E+00    3.3422438404E+02   -2.8126410276E+00    3.3423621862E+02    7.0887968563E-01    4.8961801176E+04    1.6200034232E+05    1.0748480278E+00
    8.3652531920E+01   -8.8290965700E+00    3.3765327321E+02   -2.6903581139E+00    3.3766399118E+02    6.9663192081E-01    4.7783270663E+04    1.5917210739E+05    1.0896436204E+00
    9.2170409630E+01   -8.9386101600E+00    3.4141817846E+02   -2.9104786460E+00    3.4143058368E+02    6.8613710716E-01    4.6776953827E+04    1.5693554750E+05    1.1051669476E+00
    1.0275885745E+02   -9.0747535200E+00    3.4222819348E+02   -3.5858330507E+00    3.4224697896E+02    6.7498465302E-01    4.5716322864E+04    1.5382229402E+05    1.1114422684E+00
    1.1592136501E+02   -9.2440038400E+00    3.4222650538E+02   -3.5855753961E+00    3.4224528826E+02    6.7498863608E-01    4.5716697147E+04    1.5382307243E+05    1.1114355075E+00
   -5.1551058600E+00   -1.8233912820E+01    8.8981888455E+01    0.0000000000E+00    8.8981888455E+01    1.1581551595E+00    9.6696822000E+04    2.4632706184E+05    2.6026446333E-01
    5.9120680500E+00   -1.6037859170E+01    8.8981987262E+01    9.9301764399E+00    8.9534364694E+01    1.1740874691E+00    9.8671449656E+04    2.5138460298E+05    2.6102386172E-01
    1.4994471660E+01   -1.4235646750E+01    1.0010093551E+02    1.6025400304E+01    1.0137559245E+02    1.1606604886E+00    9.7162225817E+04    2.4886962470E+05    2.9612376335E-01
    2.2448120690E+01   -1.2756632780E+01    1.1180168075E+02    2.0611745153E+01    1.1368579444E+02    1.1485269537E+00    9.5811411558E+04    2.4695057415E+05    3.3266273958E-01
    2.8565187600E+01   -1.1542842250E+01    1.2544898692E+02    2.4159315552E+01    1.2775414219E+02    1.1310477788E+00    9.3827391586E+04    2.4379846270E+05    3.7487512748E-01
    3.3585439280E+01   -1.0546698350E+01    1.3966063184E+02    2.7209522178E+01    1.4228650738E+02    1.1117722176E+00    9.1641927740E+04    2.4035898387E+05    4.1885191149E-01
    3.7705629010E+01   -9.7291588800E+00    1.5468541222E+02    2.9808432279E+01    1.5753132828E+02    1.0892176217E+00    8.9083085451E+04    2.3622279090E+05    4.6554602321E-01
    4.1087207090E+01   -9.0581864300E+00    1.7014552001E+02    3.1810409144E+01    1.7309361660E+02    1.0645115348E+00    8.6296562776E+04    2.3168853495E+05    5.1380162227E-01
    4.3862651590E+01   -8.5074922600E+00    1.8581008867E+02    3.2902539272E+01    1.8870073170E+02    1.0375401270E+00    8.3267085801E+04    2.2664006136E+05    5.6295714390E-01
    4.6140666000E+01   -8.0555052300E+00    2.0120591425E+02    3.2916730645E+01    2.0388067855E+02    1.0098921035E+00    8.0194191541E+04    2.2147473857E+05    6.1147412457E-01
    4.8476822510E+01   -7.6555073200E+00    2.1861957255E+02    3.1582597546E+01    2.2088906258E+02    9.7756201708E-01    7.6643492210E+04    2.1545732272E+05    6.6672188545E-01
    5.0841350160E+01   -7.3448003800E+00    2.3817150804E+02    2.8301670607E+01    2.3984714257E+02    9.3892072440E-01    7.2454907835E+04    2.0814375238E+05    7.2971132993E-01
    5.3226837000E+01   -7.1254835900E+00    2.5855406813E+02    2.3337155429E+01    2.5960514050E+02    8.9657053005E-01    6.7935782515E+04    2.0005156505E+05    7.9706219102E-01
    5.5625722490E+01   -6.9990475800E+00    2.7928941018E+02    1.6321644932E+01    2.7976592132E+02    8.5094647029E-01    6.3163660386E+04    1.9121050315E+05    8.6785719671E-01
    5.8030348200E+01   -6.9663654600E+00    2.9817878029E+02    8.3987233373E+00    2.9829703916E+02    8.0677399865E-01    5.8632148422E+04    1.8247419949E+05    9.3517516999E-01
    6.0354140500E+01   -6.9907111600E+00    3.1243605089E+02    3.6506012690E-01    3.1243626417E+02    7.7115405357E-01    5.5055854286E+04    1.7527828438E+05    9.8824866968E-01
    6.3240039320E+01   -7.0209487600E+00    3.2079414145E+02   -3.9008404958E+00    3.2081785758E+02    7.4832346424E-01    5.2795959090E+04    1.7050015641E+05    1.0207957568E+00
    6.6824071790E+01   -7.0585044400E+00    3.2623276645E+02   -3.8762152573E+00    3.2625579374E+02    7.3387223650E-01    5.1376942760E+04    1.6750008051E+05    1.0421262013E+00
    7.1275197690E+01   -7.1051500400E+00    3.3062264698E+02   -2.6786527208E+00    3.3063349781E+02    7.2106716665E-01    5.0129665334E+04    1.6473715742E+05    1.0597984779E+00
    7.6803285570E+01   -7.1630865600E+00    3.3498206017E+02   -2.1851159911E+00    3.3498918695E+02    7.0909916383E-01    4.8970497374E+04    1.6221300168E+05    1.0773405338E+00
    8.3669020900E+01   -7.2350480800E+00    3.3852225729E+02   -2.0587461835E+00    3.3852851744E+02    6.9688066414E-01    4.7796265614E+04    1.5942246865E+05    1.0924799262E+00
    9.2196213100E+01   -7.3244309200E+00    3.4246088561E+02   -2.2528848858E+00    3.4246829585E+02    6.8639584131E-01    4.6793300822E+04    1.5723506013E+05    1.1085411926E+00
    1.0278708136E+02   -7.4354539500E+00    3.4371284558E+02   -2.8470247203E+00    3.4372463654E+02    6.7535624093E-01    4.5744667995E+04    1.5425720052E+05    1.1162021697E+00
    1.1594123145E+02   -7.5733578700E+00    3.4371128288E+02   -2.8468264647E+00    3.4372307225E+02    6.7536001230E-01    4.5745022885E+04    1.5425794740E+05    1.1161958767E+00
   -5.9964345900E+00   -1.3362947100E+01    9.1970943949E+01    0.0000000000E+00    9.1970943949E+01    1.1554774644E+00    9.6383973804E+04    2.4584682685E+05    2.6913176034E-01
    5.2161465600E+00   -1.1752812630E+01    9.1971037761E+01    6.8253809271E+00    9.2223953568E+01    1.1697082567E+00    9.8130895092E+04    2.5030157276E+05    2.6910118854E-01
    1.4423253910E+01   -1.0430663410E+01    1.0191878142E+02    1.1386211587E+01    1.0255283429E+02    1.1586986445E+00    9.6907073887E+04    2.4836075010E+05    2.9970304757E-01
    2.1983651180E+01   -9.3449799500E+00    1.1332904342E+02    1.4892731399E+01    1.1430339247E+02    1.1469927458E+00    9.5609170104E+04    2.4651580765E+05    3.3459978977E-01
    2.8191934920E+01   -8.4534576600E+00    1.2680731700E+02    1.7577238301E+01    1.2801974438E+02    1.1299433580E+00    9.3681066487E+04    2.4346201811E+05    3.7576416553E-01
    3.3290003650E+01   -7.7213597500E+00    1.4104124727E+02    1.9834192239E+01    1.4242903009E+02    1.1107052656E+00    9.1504867247E+04    2.4002806752E+05    4.1938396056E-01
    3.7476477340E+01   -7.1201645300E+00    1.5603019828E+02    2.1674524450E+01    1.5752843485E+02    1.0882486756E+00    8.8961525322E+04    2.3590637181E+05    4.6564817320E-01
    4.0914434980E+01   -6.6264542400E+00    1.7130105821E+02    2.3002263138E+01    1.7283852769E+02    1.0638697960E+00    8.6214879227E+04    2.3142777260E+05    5.1313267203E-01
    4.3737770880E+01   -6.2210022000E+00    1.8647551189E+02    2.3606829194E+01    1.8796382343E+02    1.0376747870E+00    8.3274660897E+04    2.2651738433E+05    5.6076958268E-01
    4.6056416230E+01   -5.8880229900E+00    2.0104853591E+02    2.3465831601E+01    2.0241333712E+02    1.0114455290E+00    8.0359375213E+04    2.2161848585E+05    6.0691529294E-01
    4.8408137220E+01   -5.5958914200E+00    2.1725047254E+02    2.2520868915E+01    2.1841464547E+02    9.8114579529E-01    7.7030461073E+04    2.1597891184E+05    6.5879950314E-01
    5.0780590450E+01   -5.3690054800E+00    2.3542164854E+02    2.0373704050E+01    2.3630158785E+02    9.4495381693E-01    7.3100965230E+04    2.0913478678E+05    7.1803623022E-01
    5.3168361700E+01   -5.2089091700E+00    2.5445249560E+02    1.7204801769E+01    2.5503348353E+02    9.0502399571E-01    6.8830135940E+04    2.0150766038E+05    7.8158086565E-01
    5.5565927200E+01   -5.1167032100E+00    2.7413672483E+02    1.2657234034E+01    2.7442876940E+02    8.6156075345E-01    6.4264854442E+04    1.9310470145E+05    8.4922312123E-01
    5.7967690580E+01   -5.0930386100E+00    2.9261495541E+02    7.4880757021E+00    2.9271075041E+02    8.1834652492E-01    5.9809674707E+04    1.8458198144E+05    9.1507682433E-01
    6.0307875150E+01   -5.1107941200E+00    3.0839594936E+02    1.7457719570E+00    3.0840089056E+02    7.7991680071E-01    5.5927475705E+04    1.7690806530E+05    9.7333678013E-01
    6.3211094320E+01   -5.1328239300E+00    3.1934972976E+02   -2.2057291260E+00    3.1935734708E+02    7.5085794779E-01    5.3040623880E+04    1.7089122854E+05    1.0155176437E+00
    6.6812864390E+01   -5.1601571200E+00    3.2619519283E+02   -2.7444562280E+00    3.2620673792E+02    7.3268179292E-01    5.1253921936E+04    1.6711744584E+05    1.0423727698E+00
    7.1281332250E+01   -5.1940709200E+00    3.3077170166E+02   -1.8701166161E+00    3.3077698825E+02    7.1973525348E-01    4.9992582689E+04    1.6435580306E+05    1.0607300483E+00
    7.6825135030E+01   -5.2361502200E+00    3.3512615723E+02   -1.4761970056E+00    3.3512940846E+02    7.0856434536E-01    4.8911066072E+04    1.6206770551E+05    1.0780393294E+00
    8.3703152770E+01   -5.2883617100E+00    3.3883096043E+02   -1.4244806315E+00    3.3883395475E+02    6.9675870528E-01    4.7776862982E+04    1.5943905056E+05    1.0935919213E+00
    9.2236609220E+01   -5.3531458500E+00    3.4296568962E+02   -1.5861596290E+00    3.4296935747E+02    6.8646877792E-01    4.6793511359E+04    1.5735774629E+05    1.1102195710E+00
    1.0282408490E+02   -5.4335309500E+00    3.4455396968E+02   -2.0250255787E+00    3.4455992041E+02    6.7556910912E-01    4.5758960947E+04    1.5449970445E+05    1.1189161824E+00
    1.1596013811E+02   -5.5332747900E+00    3.4455245976E+02   -2.0249318911E+00    3.4455840996E+02    6.7557273793E-01    4.5759302767E+04    1.5450042282E+05    1.1189101033E+00
   -6.6704928300E+00   -7.3647144600E+00    9.4158201887E+01    0.0000000000E+00    9.4158201887E+01    1.1534644478E+00    9.6148974089E+04    2.4548560873E+05    2.7562837060E-01
    4.6581115200E+00   -6.4783326400E+00    9.4158292844E+01    3.5345891709E+00    9.4224611604E+01    1.1659453552E+00    9.7673467698E+04    2.4935946241E+05    2.7513835291E-01
    1.3967113450E+01   -5.7499635300E+00    1.0330351286E+02    6.0658090962E+00    1.0348144669E+02    1.1563147159E+00    9.6613187700E+04    2.4772411517E+05    3.0256472542E-01
    2.1616603960E+01   -5.1514304700E+00    1.1446003333E+02    8.0469270411E+00    1.1474254776E+02    1.1448920319E+00    9.5352479267E+04    2.4591793784E+05    3.3602898685E-01
    2.7902475700E+01   -4.6595809700E+00    1.2778230075E+02    9.5657945461E+00    1.2813984864E+02    1.1281882381E+00    9.3471064950E+04    2.4293998673E+05    3.7624642086E-01
    3.3067867310E+01   -4.2553912100E+00    1.4199947735E+02    1.0824334295E+01    1.4241143837E+02    1.1090168916E+00    9.1308197422E+04    2.3951648920E+05    4.1946434482E-01
    3.7312563820E+01   -3.9232302900E+00    1.5691930681E+02    1.1819726738E+01    1.5736382936E+02    1.0867012130E+00    8.8785859272E+04    2.3541984289E+05    4.6529037878E-01
    4.0800723150E+01   -3.6502555300E+00    1.7199582305E+02    1.2504322967E+01    1.7244976440E+02    1.0626662661E+00    8.6081473998E+04    2.3100495919E+05    5.1208515629E-01
    4.3667227040E+01   -3.4259153100E+00    1.8675976397E+02    1.2772879709E+01    1.8719603600E+02    1.0371869038E+00    8.3223952042E+04    2.2623261641E+05    5.5851774360E-01
    4.6022901230E+01   -3.2415403800E+00    2.0073147059E+02    1.2642165580E+01    2.0112918146E+02    1.0120942833E+00    8.0435028815E+04    2.2155867056E+05    6.0297449622E-01
    4.8386804760E+01   -3.0809501100E+00    2.1602857213E+02    1.2105677708E+01    2.1636749157E+02    9.8351193792E-01    7.7293087148E+04    2.1625422015E+05    6.5230015746E-01
    5.0762120780E+01   -2.9562725900E+00    2.3314727308E+02    1.0942509323E+01    2.3340391911E+02    9.4964440751E-01    7.3608897435E+04    2.0988931770E+05    7.0853201304E-01
    5.3145870510E+01   -2.8683655600E+00    2.5106196812E+02    9.2755668571E+00    2.5123325412E+02    9.1229476188E-01    6.9602742350E+04    2.0279803376E+05    7.6871883261E-01
    5.5535014160E+01   -2.8178438200E+00    2.6984871908E+02    6.9140121010E+00    2.6993727930E+02    8.7146841373E-01    6.5294295624E+04    1.9498600649E+05    8.3346439778E-01
    5.7926471090E+01   -2.8050758000E+00    2.8781026384E+02    4.2303365347E+00    2.8784135165E+02    8.3004512922E-01    6.1000684550E+04    1.8688742805E+05    8.9737231294E-01
    6.0284896260E+01   -2.8146985600E+00    3.0447600819E+02    1.1406773169E+00    3.0447814488E+02    7.9077234844E-01    5.7008430956E+04    1.7917612000E+05    9.5840329973E-01
    6.3207071230E+01   -2.8266229700E+00    3.1777940907E+02   -1.3230910261E+00    3.1778216344E+02    7.5675736110E-01    5.3615821493E+04    1.7225031526E+05    1.0090143536E+00
    6.6827789080E+01   -2.8413995900E+00    3.2629013608E+02   -1.8043120925E+00    3.2629512476E+02    7.3403489558E-01    5.1380914444E+04    1.6752808635E+05    1.0423270433E+00
    7.1314080610E+01   -2.8597108000E+00    3.3122966922E+02   -1.1969369604E+00    3.3123183185E+02    7.1963056215E-01    4.9977852254E+04    1.6442159380E+05    1.0622678897E+00
    7.6872925810E+01   -2.8824023000E+00    3.3549186914E+02   -8.1680587594E-01    3.3549286346E+02    7.0861541524E-01    4.8911684404E+04    1.6215847853E+05    1.0792405556E+00
    8.3760809580E+01   -2.9105221200E+00    3.3917893072E+02   -7.4330252568E-01    3.3917974519E+02    6.9693755451E-01    4.7789752794E+04    1.5956324052E+05    1.0947007945E+00
    9.2295561990E+01   -2.9453690500E+00    3.4334531005E+02   -8.2936299369E-01    3.4334631173E+02    6.8668124591E-01    4.6809816525E+04    1.5749983082E+05    1.1114181697E+00
    1.0287102821E+02   -2.9885526000E+00    3.4507167702E+02   -1.0786412489E+00    3.4507336285E+02    6.7582776165E-01    4.5779885256E+04    1.5468701995E+05    1.1205418529E+00
    1.1597524390E+02   -3.0420673400E+00    3.4507018915E+02   -1.0786015723E+00    3.4507187486E+02    6.7583124858E-01    4.5780213858E+04    1.5468770204E+05    1.1205358902E+00
   -6.9630203200E+00    0.0000000000E+00    9.4989686697E+01    0.0000000000E+00    9.4989686697E+01    1.1526873535E+00    9.6058299894E+04    2.4534612212E+05    2.7809984938E-01
    4.4008166800E+00    0.0000000000E+00    9.4989776662E+01   -2.8209112140E-14    9.4989776662E+01    1.1644811182E+00    9.7496370035E+04    2.4899451523E+05    2.7745007783E-01
    1.3746858780E+01    0.0000000000E+00    1.0386223567E+02    3.4478263579E-14    1.0386223567E+02    1.1552144675E+00    9.6479726578E+04    2.4743017592E+05    3.0374345347E-01
    2.1433400420E+01    0.0000000000E+00    1.1492127196E+02    1.0515911993E-14    1.1492127196E+02    1.1438127349E+00    9.5223813818E+04    2.4561264403E+05    3.3662090587E-01
    2.7755105560E+01    0.0000000000E+00    1.2817807930E+02    9.0671640552E-16    1.2817807930E+02    1.1271772433E+00    9.3353789947E+04    2.4264402176E+05    3.7642622361E-01
    3.2954317080E+01    0.0000000000E+00    1.4237928518E+02    3.4591042175E-14    1.4237928518E+02    1.1079886072E+00    9.1192097210E+04    2.3921073846E+05    4.1944192319E-01
    3.7230347020E+01    0.0000000000E+00    1.5725880089E+02   -1.7819016699E-14    1.5725880089E+02    1.0857115390E+00    8.8677009756E+04    2.3511752696E+05    4.6505321251E-01
    4.0747117210E+01    0.0000000000E+00    1.7224599444E+02   -4.7424318504E-14    1.7224599444E+02    1.0618112906E+00    8.5989952801E+04    2.3072615308E+05    5.1154627627E-01
    4.3639443200E+01    0.0000000000E+00    1.8684553977E+02   -1.5339439586E-14    1.8684553977E+02    1.0366104961E+00    8.3165246952E+04    2.2600780444E+05    5.5751374317E-01
    4.6018202460E+01    0.0000000000E+00    2.0060092355E+02   -3.2664250539E-14    2.0060092355E+02    1.0119196442E+00    8.0421498870E+04    2.2141394003E+05    6.0138950133E-01
    4.8396961720E+01    0.0000000000E+00    2.1558024156E+02   -4.6659883085E-15    2.1558024156E+02    9.8391944474E-01    7.7343468186E+04    2.1622242012E+05    6.4984964620E-01
    5.0775720980E+01    0.0000000000E+00    2.3235431518E+02   -1.7444597475E-14    2.3235431518E+02    9.5077718655E-01    7.3736327045E+04    2.1000634789E+05    7.0515623524E-01
    5.3154480230E+01    0.0000000000E+00    2.4990743835E+02   -5.6951105348E-15    2.4990743835E+02    9.1413929393E-01    6.9803650949E+04    2.0305483066E+05    7.6433242621E-01
    5.5533239490E+01    0.0000000000E+00    2.6841198861E+02   -1.2770238464E-14    2.6841198861E+02    8.7401948553E-01    6.5564142901E+04    1.9539472226E+05    8.2825726744E-01
    5.7911998750E+01    0.0000000000E+00    2.8621891230E+02   -3.4101103620E-14    2.8621891230E+02    8.3297757239E-01    6.1303672031E+04    1.8737846861E+05    8.9167731656E-01
    6.0290758010E+01    0.0000000000E+00    3.0315593313E+02   -1.5721880872E-14    3.0315593313E+02    7.9333658143E-01    5.7266685730E+04    1.7962192643E+05    9.5362970369E-01
    6.3233671320E+01    0.0000000000E+00    3.1727512387E+02   -1.7417787014E-14    3.1727512387E+02    7.5753904539E-01    5.3691903361E+04    1.7235802585E+05    1.0072102012E+00
    6.6874535250E+01    0.0000000000E+00    3.2637787016E+02   -2.0720022882E-14    3.2637787016E+02    7.3314748267E-01    5.1292602561E+04    1.6727986295E+05    1.0428575563E+00
    7.1378877970E+01    0.0000000000E+00    3.3134924587E+02   -2.8332605340E-14    3.3134924587E+02    7.1845858892E-01    4.9862204804E+04    1.6409613064E+05    1.0630093881E+00
    7.6951484820E+01    0.0000000000E+00    3.3551495477E+02   -1.5900959331E-14    3.3551495477E+02    7.0789029256E-01    4.8839822808E+04    1.6194326296E+05    1.0795525891E+00
    8.3845708720E+01    0.0000000000E+00    3.3918750302E+02   -4.1017980168E-14    3.3918750302E+02    6.9662213028E-01    4.7757715275E+04    1.5946683611E+05    1.0948451213E+00
    9.2374988520E+01    0.0000000000E+00    3.4339473905E+02   -6.4046228659E-14    3.4339473905E+02    6.8658308751E-01    4.6798914615E+04    1.5747820712E+05    1.1116249345E+00
    1.0292709926E+02    0.0000000000E+00    3.4520741688E+02   -2.1875822368E-14    3.4520741688E+02    6.7586064490E-01    4.5781656473E+04    1.5472467614E+05    1.1209827466E+00
    1.1598178864E+02    0.0000000000E+00    3.4520593323E+02   -2.1816777033E-14    3.4520593323E+02    6.7586410601E-01    4.5781982693E+04    1.5472535177E+05    1.1209768053E+00
   -6.6704928300E+00    7.3647144600E+00    9.4158201887E+01   -0.0000000000E+00    9.4158201887E+01    1.1534644478E+00    9.6148974089E+04    2.4548560873E+05    2.7562837060E-01
    4.6581115200E+00    6.4783326400E+00    9.4158201887E+01   -3.5345895467E+00    9.4224520725E+01    1.1659454394E+00    9.7673477632E+04    2.4935947764E+05    2.7513808347E-01
    1.3967113450E+01    5.7499635300E+00    1.0330342452E+02   -6.0658089297E+00    1.0348135849E+02    1.1563147911E+00    9.6613196572E+04    2.4772412720E+05    3.0256446348E-01
    2.1616603960E+01    5.1514304700E+00    1.1445994299E+02   -8.0469252915E+00    1.1474245751E+02    1.1448921101E+00    9.5352488460E+04    2.4591794949E+05    3.3602871783E-01
    2.7902475700E+01    4.6595809700E+00    1.2778220574E+02   -9.5657900814E+00    1.2813975357E+02    1.1281883245E+00    9.3471074984E+04    2.4293999878E+05    3.7624613591E-01
    3.3067867310E+01    4.2553912100E+00    1.4199937166E+02   -1.0824325970E+01    1.4241133236E+02    1.1090169964E+00    9.1308209421E+04    2.3951650352E+05    4.1946402483E-01
    3.7312563820E+01    3.9232302900E+00    1.5691918491E+02   -1.1819713551E+01    1.5736370681E+02    1.0867013492E+00    8.8785874683E+04    2.3541986215E+05    4.6529000520E-01
    4.0800723150E+01    3.6502555300E+00    1.7199567676E+02   -1.2504304439E+01    1.7244961714E+02    1.0626664471E+00    8.6081494212E+04    2.3100498543E+05    5.1208470251E-01
    4.3667227040E+01    3.4259153100E+00    1.8675958706E+02   -1.2772855725E+01    1.8719585787E+02    1.0371871471E+00    8.3223978993E+04    2.2623265347E+05    5.5851718718E-01
    4.6022901230E+01    3.2415403800E+00    2.0073125651E+02   -1.2642137511E+01    2.0112896604E+02    1.0120946009E+00    8.0435063664E+04    2.2155872025E+05    6.0297381437E-01
    4.8386804760E+01    3.0809501100E+00    2.1602830850E+02   -1.2105645237E+01    2.1636722654E+02    9.8351235686E-01    7.7293132655E+04    2.1625428733E+05    6.5229930537E-01
    5.0762120780E+01    2.9562725900E+00    2.3314693671E+02   -1.0942475080E+01    2.3340358150E+02    9.4964498486E-01    7.3608959359E+04    2.0988941341E+05    7.0853090554E-01
    5.3145870510E+01    2.8683655600E+00    2.5106153106E+02   -9.2755321608E+00    2.5123281608E+02    9.1229556327E-01    6.9602827041E+04    2.0279817038E+05    7.6871736223E-01
    5.5535014160E+01    2.8178438200E+00    2.6984812635E+02   -6.9139824469E+00    2.6993668600E+02    8.7146956017E-01    6.5294414799E+04    1.9498620663E+05    8.3346235350E-01
    5.7926471090E+01    2.8050758000E+00    2.8780944660E+02   -4.2303201158E+00    2.8784053426E+02    8.3004680765E-01    6.1000855864E+04    1.8688773058E+05    8.9736941185E-01
    6.0284896260E+01    2.8146985600E+00    3.0447482875E+02   -1.1407037471E+00    3.0447696554E+02    7.9077484021E-01    5.7008680777E+04    1.7917657610E+05    9.5839899760E-01
    6.3207071230E+01    2.8266229700E+00    3.1777780619E+02    1.3229954615E+00    3.1778056017E+02    7.5676089938E-01    5.3616170129E+04    1.7225097995E+05    1.0090083413E+00
    6.6827789080E+01    2.8413995900E+00    3.2628823551E+02    1.8042110366E+00    3.2629322367E+02    7.3403918723E-01    5.1381332311E+04    1.6752890414E+05    1.0423197790E+00
    7.1314080610E+01    2.8597108000E+00    3.3122765699E+02    1.1968712624E+00    3.3122981939E+02    7.1963517064E-01    4.9978297531E+04    1.6442248010E+05    1.0622601049E+00
    7.6872925810E+01    2.8824023000E+00    3.3548987004E+02    8.1677481190E-01    3.3549086429E+02    7.0861999958E-01    4.8912124637E+04    1.6215936183E+05    1.0792327586E+00
    8.3760809580E+01    2.9105221200E+00    3.3917701975E+02    7.4325969412E-01    3.3917783412E+02    6.9694195531E-01    4.7790172635E+04    1.5956409151E+05    1.0946932743E+00
    9.2295561990E+01    2.9453690500E+00    3.4334362904E+02    8.2936765979E-01    3.4334463073E+02    6.8668515420E-01    4.6810187159E+04    1.5750059144E+05    1.1114114911E+00
    1.0287102821E+02    2.9885526000E+00    3.4507018915E+02    1.0786015723E+00    3.4507187486E+02    6.7583124858E-01    4.5780213858E+04    1.5468770204E+05    1.1205358902E+00
    1.1597524390E+02    3.0420673400E+00    3.4507018915E+02    1.0786015723E+00    3.4507187486E+02    6.7583124858E-01    4.5780213858E+04    1.5468770204E+05    1.1205358902E+00
