 TITLE = "Projeto1" 
 VARIABLES = "X" "Y" "u" "v" "q_vel_out" "rho" "p" "e" "mach" 
 ZONE I =           24  J =          13  DATAPACKING = POINT
    8.4500000000E-06   -3.5279003140E+01    6.9016967706E+01    0.0000000000E+00    6.9016967706E+01    1.1738458060E+00    9.8535841506E+04    2.4913531818E+05    2.0132618684E-01
    1.0306326720E+01   -3.1045768330E+01    6.9017051270E+01    2.5179185696E+01    7.3466623431E+01    1.2053916580E+00    1.0269011014E+05    2.5997823253E+05    2.1272858091E-01
    1.8746475060E+01   -2.7579047530E+01    9.1644377748E+01    3.5798737176E+01    9.8388218584E+01    1.1664007311E+00    9.8080342949E+04    2.5084637779E+05    2.8675564971E-01
    2.5658349530E+01   -2.4740052520E+01    1.0443444134E+02    4.1414097788E+01    1.1234625065E+02    1.1523946869E+00    9.6483189546E+04    2.4848055237E+05    3.2814769880E-01
    3.1318677600E+01   -2.2415119790E+01    1.1826786027E+02    4.6990792302E+01    1.2726123265E+02    1.1332298629E+00    9.4268717490E+04    2.4484836127E+05    3.7291281982E-01
    3.5954079200E+01   -2.0511167100E+01    1.3173371446E+02    5.2344658771E+01    1.4175237151E+02    1.1140994347E+00    9.2073218456E+04    2.4137625545E+05    4.1673658667E-01
    3.9750139730E+01   -1.8951966780E+01    1.4602702924E+02    5.7948589199E+01    1.5710484480E+02    1.0915629085E+00    8.9492900943E+04    2.3720319324E+05    4.6371981299E-01
    4.2858840280E+01   -1.7675093850E+01    1.6133482053E+02    6.3757909847E+01    1.7347620985E+02    1.0658981067E+00    8.6582571956E+04    2.3249499624E+05    5.1442078920E-01
    4.5404642460E+01   -1.6629426760E+01    1.7925217172E+02    7.0250329701E+01    1.9252649139E+02    1.0335294574E+00    8.2945933698E+04    2.2651946816E+05    5.7436816149E-01
    4.7489471440E+01   -1.5773100850E+01    2.0337475422E+02    7.5368631204E+01    2.1689103537E+02    9.8818981831E-01    7.7943713021E+04    2.1810235753E+05    6.5269040195E-01
    4.9607350680E+01   -1.5003262190E+01    2.3495055992E+02    7.3550290983E+01    2.4619384824E+02    9.2727082004E-01    7.1319865538E+04    2.0640126020E+05    7.5025900678E-01
    5.1781269800E+01   -1.4409848660E+01    2.6761190404E+02    6.3070236262E+01    2.7494360492E+02    8.6114510952E-01    6.4339124680E+04    1.9339650733E+05    8.5011993529E-01
    5.3996560260E+01   -1.3996868810E+01    2.9798192912E+02    4.6995396642E+01    3.0166504170E+02    7.9549539920E-01    5.7620565515E+04    1.8024716936E+05    9.4730765160E-01
    5.6238272770E+01   -1.3767109600E+01    3.2463258141E+02    2.5605189219E+01    3.2564081229E+02    7.3394572460E-01    5.1515821909E+04    1.6770406852E+05    1.0388108271E+00
    5.8491279600E+01   -1.3722117420E+01    3.3752766419E+02    4.9373527435E+00    3.3756377404E+02    6.9682790364E-01    4.7978204971E+04    1.5964703889E+05    1.0872579321E+00
    6.0744619520E+01   -1.3769711210E+01    3.3376253485E+02   -5.0440223190E+00    3.3380064684E+02    7.0269631741E-01    4.8548852667E+04    1.6052035252E+05    1.0732910539E+00
    6.3553982470E+01   -1.3829049520E+01    3.2914344053E+02   -6.5634069581E+00    3.2920887405E+02    7.1464249665E-01    4.9698369940E+04    1.6297185960E+05    1.0550689991E+00
    6.7056569970E+01   -1.3903029860E+01    3.3182454916E+02   -6.8602610261E+00    3.3189545734E+02    7.0880424702E-01    4.9111910405E+04    1.6181879825E+05    1.0656314563E+00
    7.1423438710E+01   -1.3995265220E+01    3.3703176255E+02   -6.9503252835E+00    3.3710342032E+02    6.9307571344E-01    4.7585086323E+04    1.5834283289E+05    1.0873116736E+00
    7.6867854440E+01   -1.4110260120E+01    3.4167591944E+02   -6.9650713230E+00    3.4174690363E+02    6.7754881544E-01    4.6078538953E+04    1.5476213099E+05    1.1075453438E+00
    8.3655707370E+01   -1.4253630600E+01    3.4354702863E+02   -6.9230584462E+00    3.4361677726E+02    6.6336174923E-01    4.4725700404E+04    1.5097663763E+05    1.1184252933E+00
    9.2118497430E+01   -1.4432378480E+01    3.4387194321E+02   -6.8156251378E+00    3.4393948025E+02    6.5383441845E-01    4.3796144736E+04    1.4816282587E+05    1.1231401712E+00
    1.0266952384E+02   -1.4655233290E+01    3.3819762505E+02   -6.7239230171E+00    3.3826445975E+02    6.4391462608E-01    4.2853751432E+04    1.4397365022E+05    1.1081845075E+00
    1.1582405090E+02   -1.4933078770E+01    3.3819408137E+02   -6.7238423488E+00    3.3826091517E+02    6.4391867467E-01    4.2854118904E+04    1.4397402847E+05    1.1081716277E+00
   -3.7493654000E-01   -3.4351956070E+01    6.9017051270E+01    0.0000000000E+00    6.9017051270E+01    1.1738457484E+00    9.8535834736E+04    2.4913530789E+05    2.0132643257E-01
    9.9825822500E+00   -3.0229171540E+01    6.9017134821E+01    2.5179215525E+01    7.3466712145E+01    1.2053916458E+00    1.0269011042E+05    2.5997824105E+05    2.1272883643E-01
    1.8465667490E+01   -2.6852503770E+01    9.1644493603E+01    3.5798781252E+01    9.8388342536E+01    1.1664006938E+00    9.8080341281E+04    2.5084638766E+05    2.8675600882E-01
    2.5413537970E+01   -2.4086928300E+01    1.0443458607E+02    4.1414153784E+01    1.1234640582E+02    1.1523946402E+00    9.6483187845E+04    2.4848056791E+05    3.2814814830E-01
    3.1104036770E+01   -2.1821850880E+01    1.1826803196E+02    4.6990859374E+01    1.2726141696E+02    1.1332298076E+00    9.4268715769E+04    2.4484838310E+05    3.7291335424E-01
    3.5764723450E+01   -1.9966692010E+01    1.3173391182E+02    5.2344736585E+01    1.4175258365E+02    1.1140993706E+00    9.2073216590E+04    2.4137628364E+05    4.1673720257E-01
    3.9581973480E+01   -1.8447265030E+01    1.4602724765E+02    5.7948676075E+01    1.5710507985E+02    1.0915628334E+00    8.9492898534E+04    2.3720322660E+05    4.6372049707E-01
    4.2708431140E+01   -1.7202809630E+01    1.6133505877E+02    6.3758005643E+01    1.7347646662E+02    1.0658980203E+00    8.6582568779E+04    2.3249503448E+05    5.1442153919E-01
    4.5269114030E+01   -1.6183562030E+01    1.7925242394E+02    7.0250432098E+01    1.9252676359E+02    1.0335293451E+00    8.2945928127E+04    2.2651950632E+05    5.7436896165E-01
    4.7366413090E+01   -1.5348765120E+01    2.0337503271E+02    7.5368740987E+01    2.1689133466E+02    9.8818965982E-01    7.7943702335E+04    2.1810239123E+05    6.5269129499E-01
    4.9504999150E+01   -1.4598047580E+01    2.3495086855E+02    7.3550396474E+01    2.4619417429E+02    9.2727057806E-01    7.1319846324E+04    2.0640127926E+05    7.5026000355E-01
    5.1698067720E+01   -1.4018847730E+01    2.6761226404E+02    6.3070330765E+01    2.7494397700E+02    8.6114478277E-01    6.4339096844E+04    1.9339651348E+05    8.5012110837E-01
    5.3931360230E+01   -1.3615074210E+01    2.9798234258E+02    4.6995472064E+01    3.0166546187E+02    7.9549494652E-01    5.7620526048E+04    1.8024715092E+05    9.4730902591E-01
    5.6190344140E+01   -1.3389449650E+01    3.2463311716E+02    2.5605239901E+01    3.2564135037E+02    7.3394505759E-01    5.1515762428E+04    1.6770401305E+05    1.0388126713E+00
    5.8460312160E+01   -1.3343492330E+01    3.3752839130E+02    4.9373607868E+00    3.3756450119E+02    6.9682682573E-01    4.7978107746E+04    1.5964690545E+05    1.0872605349E+00
    6.0717878330E+01   -1.3389802890E+01    3.3376349986E+02   -5.0440563796E+00    3.3380161226E+02    7.0269484806E-01    4.8548717873E+04    1.6052016013E+05    1.0732945259E+00
    6.3531877740E+01   -1.3447528720E+01    3.2914457311E+02   -6.5634528673E+00    3.2921000732E+02    7.1464081363E-01    4.9698213569E+04    1.6297164409E+05    1.0550730485E+00
    6.7039463590E+01   -1.3519483110E+01    3.3182595799E+02   -6.8603100478E+00    3.3189686689E+02    7.0880226198E-01    4.9111726384E+04    1.6181856047E+05    1.0656364863E+00
    7.1411597120E+01   -1.3609173330E+01    3.3703350987E+02   -6.9503814075E+00    3.3710516842E+02    6.9307324698E-01    4.7584857244E+04    1.5834252847E+05    1.0873179945E+00
    7.6861381490E+01   -1.3720971250E+01    3.4167814930E+02   -6.9651367879E+00    3.4174913437E+02    6.7754577330E-01    4.6078259974E+04    1.5476177242E+05    1.1075534397E+00
    8.3654450210E+01   -1.3860326380E+01    3.4354967479E+02   -6.9231320045E+00    3.4361942437E+02    6.6335824993E-01    4.4725378747E+04    1.5097623029E+05    1.1184349811E+00
    9.2121916200E+01   -1.4034031630E+01    3.4387508152E+02   -6.8157071603E+00    3.4394261956E+02    6.5383049942E-01    4.3795790447E+04    1.4816241431E+05    1.1231515995E+00
    1.0267651289E+02   -1.4250554360E+01    3.3820116857E+02   -6.7240036840E+00    3.3826800418E+02    6.4391057755E-01    4.2853383969E+04    1.4397327196E+05    1.1081973869E+00
    1.1583269561E+02   -1.4520449310E+01    3.3819762505E+02   -6.7239230171E+00    3.3826445975E+02    6.4391462608E-01    4.2853751432E+04    1.4397365022E+05    1.1081845075E+00
   -8.1922002000E-01   -3.3214552130E+01    7.0436362912E+01    0.0000000000E+00    7.0436362912E+01    1.1728574980E+00    9.8419715256E+04    2.4895872608E+05    2.0550125420E-01
    9.5991315900E+00   -2.9227426920E+01    7.0436435543E+01    2.4248721693E+01    7.4493569895E+01    1.1993653132E+00    1.0193884652E+05    2.5817493044E+05    2.1595370230E-01
    1.8133277590E+01   -2.5961397340E+01    9.1780992773E+01    3.3980124556E+01    9.7869298042E+01    1.1657742651E+00    9.7992057219E+04    2.5056326887E+05    2.8529505878E-01
    2.5123991480E+01   -2.3286050360E+01    1.0483598181E+02    3.9811484292E+01    1.1214070342E+02    1.1519939597E+00    9.6425840175E+04    2.4830807198E+05    3.2758774256E-01
    3.0850429370E+01   -2.1094553290E+01    1.1887779372E+02    4.5372174378E+01    1.2724214729E+02    1.1328548965E+00    9.4218061871E+04    2.4471593456E+05    3.7289540483E-01
    3.5541258340E+01   -1.9299394780E+01    1.3252893578E+02    5.0646462262E+01    1.4187664698E+02    1.1136162745E+00    9.2013383304E+04    2.4124143977E+05    4.1714705598E-01
    3.9383786280E+01   -1.7828890980E+01    1.4700895560E+02    5.6085430345E+01    1.5734423575E+02    1.0909144633E+00    8.9417565407E+04    2.3704791194E+05    4.6448398957E-01
    4.2531441210E+01   -1.6624323360E+01    1.6250439952E+02    6.1625256481E+01    1.7379687023E+02    1.0650481824E+00    8.6487261977E+04    2.3230323262E+05    5.1544993245E-01
    4.5109898660E+01   -1.5637593960E+01    1.8017141902E+02    6.7443257595E+01    1.9238069869E+02    1.0332154438E+00    8.2910857917E+04    2.2639696873E+05    5.7396739163E-01
    4.7222101310E+01   -1.4829304830E+01    2.0270050144E+02    7.1196763611E+01    2.1484057446E+02    9.9196723658E-01    7.8348519473E+04    2.1876415289E+05    6.4607889449E-01
    4.9384793640E+01   -1.4102194370E+01    2.3200353367E+02    6.8230427718E+01    2.4182851549E+02    9.3824969257E-01    7.2479259753E+04    2.0863305401E+05    7.3535293958E-01
    5.1600068280E+01   -1.3540614770E+01    2.6333251386E+02    5.7685461770E+01    2.6957675225E+02    8.7818343088E-01    6.6070622899E+04    1.9708606589E+05    8.3062851811E-01
    5.3854166510E+01   -1.3148350710E+01    2.9309566182E+02    4.2141872924E+01    2.9610978442E+02    8.1661654228E-01    5.9684814154E+04    1.8501291472E+05    9.2569070714E-01
    5.6133064010E+01   -1.2928043990E+01    3.2025653142E+02    2.1746622988E+01    3.2099402102E+02    7.5650790798E-01    5.3625710309E+04    1.7303848953E+05    1.0189506073E+00
    5.8422566480E+01   -1.2881175950E+01    3.3630112911E+02    2.2464337849E+00    3.3630863192E+02    7.1347907677E-01    4.9458343821E+04    1.6399434847E+05    1.0795551479E+00
    6.0685277420E+01   -1.2925914190E+01    3.3640428376E+02   -6.6740287326E+00    3.3647048131E+02    7.0876940925E-01    4.9019439016E+04    1.6266933508E+05    1.0813126050E+00
    6.3504918180E+01   -1.2981665290E+01    3.3268019282E+02   -7.1720410680E+00    3.3275749258E+02    7.1618639548E-01    4.9753116425E+04    1.6403357311E+05    1.0670056379E+00
    6.7018581810E+01   -1.3051139870E+01    3.3493502121E+02   -6.7510786201E+00    3.3500305297E+02    7.0976420511E-01    4.9134341805E+04    1.6266322438E+05    1.0760915529E+00
    7.1397111430E+01   -1.3137716350E+01    3.3976539881E+02   -6.4756596340E+00    3.3982710368E+02    6.9376637560E-01    4.7600710383E+04    1.5906069995E+05    1.0964628025E+00
    7.6853409680E+01   -1.3245604970E+01    3.4434715675E+02   -6.3755183302E+00    3.4440617241E+02    6.7797169456E-01    4.6087719151E+04    1.5542831148E+05    1.1164006527E+00
    8.3652794060E+01   -1.3380052480E+01    3.4638193590E+02   -6.3482136622E+00    3.4644010353E+02    6.6362409826E-01    4.4730759034E+04    1.5165122703E+05    1.1277740106E+00
    9.2125901690E+01   -1.3547597450E+01    3.4719939664E+02   -6.2401246236E+00    3.4725546818E+02    6.5392139642E-01    4.3799382181E+04    1.4892545597E+05    1.1340020953E+00
    1.0268477089E+02   -1.3756388210E+01    3.4246121754E+02   -6.2950625176E+00    3.4251907003E+02    6.4394157247E-01    4.2857305688E+04    1.4491665578E+05    1.1220999367E+00
    1.1584286401E+02   -1.4016579340E+01    3.4245800565E+02   -6.2949832236E+00    3.4251585722E+02    6.4394561258E-01    4.2857673257E+04    1.4491710306E+05    1.1220881197E+00
   -1.3413917200E+00   -3.1817897940E+01    7.3202842519E+01    0.0000000000E+00    7.3202842519E+01    1.1708749192E+00    9.8186880162E+04    2.4860435845E+05    2.1364486001E-01
    9.1489013400E+00   -2.7997494540E+01    7.3202903148E+01    2.1835058686E+01    7.6390017784E+01    1.1983445812E+00    1.0176623754E+05    2.5791202469E+05    2.2154481604E-01
    1.7743498550E+01   -2.4867483350E+01    9.2938482604E+01    3.1851672358E+01    9.8245053722E+01    1.1661572908E+00    9.8000444619E+04    2.5062903945E+05    2.8642519637E-01
    2.4784987760E+01   -2.2303101760E+01    1.0574500962E+02    3.7911296251E+01    1.1233553954E+02    1.1522490411E+00    9.6426679282E+04    2.4833697107E+05    3.2819180309E-01
    3.0554060080E+01   -2.0202127720E+01    1.1979882419E+02    4.3359337431E+01    1.2740404397E+02    1.1331173781E+00    9.4225714127E+04    2.4476054722E+05    3.7339794779E-01
    3.5280679510E+01   -1.8480811930E+01    1.3357793827E+02    4.8453008642E+01    1.4209419284E+02    1.1138338889E+00    9.2020011715E+04    2.4129460545E+05    4.1781245590E-01
    3.9153247660E+01   -1.7070540360E+01    1.4822555416E+02    5.3598961437E+01    1.5761872849E+02    1.0911056935E+00    8.9424234897E+04    2.3711411863E+05    4.6531772526E-01
    4.2326113370E+01   -1.5915099610E+01    1.6390927452E+02    5.8670308330E+01    1.7409323753E+02    1.0652737124E+00    8.6499329632E+04    2.3239172446E+05    5.1634754693E-01
    4.4925726290E+01   -1.4968436220E+01    1.8164211591E+02    6.3649181166E+01    1.9247097582E+02    1.0337863844E+00    8.2961597179E+04    2.2655234081E+05    5.7421969221E-01
    4.7055679380E+01   -1.4192820810E+01    2.0346740120E+02    6.6954217291E+01    2.1420049151E+02    9.9365519504E-01    7.8520855913E+04    2.1909750937E+05    6.4399394861E-01
    4.9245912110E+01   -1.3494964160E+01    2.3095516788E+02    6.5154289917E+01    2.3996952112E+02    9.4113451787E-01    7.2798152437E+04    2.0909317131E+05    7.2921860314E-01
    5.1486408710E+01   -1.2955334700E+01    2.6054557809E+02    5.6879188928E+01    2.6668190864E+02    8.8177507408E-01    6.6478909604E+04    1.9755286074E+05    8.2085510256E-01
    5.3764019790E+01   -1.2577563400E+01    2.8902580401E+02    4.3786012944E+01    2.9232367389E+02    8.2062749884E-01    6.0151141358E+04    1.8544044769E+05    9.1253822831E-01
    5.6065340850E+01   -1.2364190610E+01    3.1563936915E+02    2.5855308982E+01    3.1669655565E+02    7.6049144836E-01    5.4094335531E+04    1.7337323333E+05    1.0035767569E+00
    5.8376803500E+01   -1.2316649350E+01    3.3240366897E+02    7.1132513340E+00    3.3247977005E+02    7.1617408333E-01    4.9786785583E+04    1.6405090729E+05    1.0657453939E+00
    6.0645767600E+01   -1.2359460680E+01    3.3401117473E+02   -4.2294452338E+00    3.3403795152E+02    7.0896484836E-01    4.9097492726E+04    1.6229736034E+05    1.0727894353E+00
    6.3472260180E+01   -1.2412793280E+01    3.3154987769E+02   -6.5405285844E+00    3.3161438436E+02    7.1543765805E-01    4.9716748436E+04    1.6362953102E+05    1.0631728612E+00
    6.6993298720E+01   -1.2479232650E+01    3.3469537457E+02   -6.4401997793E+00    3.3475732991E+02    7.0926115159E-01    4.9104367211E+04    1.6250169626E+05    1.0752491412E+00
    7.1379579410E+01   -1.2562000360E+01    3.4028064149E+02   -6.1539124411E+00    3.4033628312E+02    6.9356933884E-01    4.7586002530E+04    1.5913265345E+05    1.0981194019E+00
    7.6843756600E+01   -1.2665109890E+01    3.4565792906E+02   -6.0092316902E+00    3.4571016008E+02    6.7791281746E-01    4.6081089342E+04    1.5571327303E+05    1.1206595062E+00
    8.3650757510E+01   -1.2793561370E+01    3.4854374279E+02   -5.9525432229E+00    3.4859456882E+02    6.6364172926E-01    4.4726789351E+04    1.5213923875E+05    1.1348529207E+00
    9.2130632620E+01   -1.2953584120E+01    3.5035451379E+02   -5.7678710847E+00    3.5040198868E+02    6.5388979074E-01    4.3795775042E+04    1.4963223982E+05    1.1442968822E+00
    1.0269456436E+02   -1.3152938790E+01    3.4717511856E+02   -5.8863268832E+00    3.4722501608E+02    6.4392449385E-01    4.2856747328E+04    1.4595931481E+05    1.1375090438E+00
    1.1585479368E+02   -1.3401293890E+01    3.4717232590E+02   -5.8862499698E+00    3.4722222252E+02    6.4392851960E-01    4.2857114975E+04    1.4595985200E+05    1.1374985688E+00
   -1.9484990300E+00   -3.0101349610E+01    7.5878002729E+01    0.0000000000E+00    7.5878002729E+01    1.1688871780E+00    9.7953597055E+04    2.4824890983E+05    2.2152766809E-01
    8.6264727800E+00   -2.6485958430E+01    7.5878052027E+01    2.0351739356E+01    7.8559990289E+01    1.1925170503E+00    1.0102334461E+05    2.5623827361E+05    2.2811761929E-01
    1.7292317850E+01   -2.3523274230E+01    9.3827640963E+01    2.9560462242E+01    9.8374016572E+01    1.1652861273E+00    9.7860324873E+04    2.5028930963E+05    2.8689920678E-01
    2.4393725320E+01   -2.1095457340E+01    1.0661799720E+02    3.5633279379E+01    1.1241498088E+02    1.1517381270E+00    9.6333576499E+04    2.4811127227E+05    3.2850970402E-01
    3.0213167820E+01   -1.9105937190E+01    1.2074176956E+02    4.0919685256E+01    1.2748723684E+02    1.1327900760E+00    9.4159464985E+04    2.4460427850E+05    3.7371920578E-01
    3.4982117740E+01   -1.7475577610E+01    1.3467625275E+02    4.5814938402E+01    1.4225576134E+02    1.1134318609E+00    9.1949723140E+04    2.4114040203E+05    4.1837185025E-01
    3.8890251290E+01   -1.6139530400E+01    1.4948400284E+02    5.0652346888E+01    1.5783259281E+02    1.0906019604E+00    8.9346512932E+04    2.3695034449E+05    4.6604409164E-01
    4.2092992540E+01   -1.5044656460E+01    1.6526956399E+02    5.5273268809E+01    1.7426750422E+02    1.0647629481E+00    8.6424011981E+04    2.3222800973E+05    5.1696560219E-01
    4.4717696890E+01   -1.4147412240E+01    1.8268903827E+02    5.9461215958E+01    1.9212215100E+02    1.0340360881E+00    8.2971797985E+04    2.2651310709E+05    5.7321298495E-01
    4.6868719460E+01   -1.3412117490E+01    2.0292854839E+02    6.1690772986E+01    2.1209843758E+02    9.9742364560E-01    7.8913081965E+04    2.1971762891E+05    6.3729245778E-01
    4.9089521780E+01   -1.2750664590E+01    2.2798991567E+02    5.9265967152E+01    2.3556709556E+02    9.5115277039E-01    7.3853922362E+04    2.1102542243E+05    7.1447817215E-01
    5.1357759230E+01   -1.2238528860E+01    2.5567022272E+02    5.1287999435E+01    2.6076372768E+02    8.9764401661E-01    6.8114617182E+04    2.0080541696E+05    8.0004621153E-01
    5.3661025250E+01   -1.1879150670E+01    2.8294195447E+02    3.9110288194E+01    2.8563221849E+02    8.4102674096E-01    6.2191687804E+04    1.8978712421E+05    8.8773206296E-01
    5.5986671240E+01   -1.1674943080E+01    3.0916458720E+02    2.2616167768E+01    3.0999069829E+02    7.8341869351E-01    5.6315570512E+04    1.7842993553E+05    9.7716379073E-01
    5.8321892460E+01   -1.1627276230E+01    3.2818266619E+02    5.2740814682E+00    3.2822504219E+02    7.3557066899E-01    5.1595082132E+04    1.6860983668E+05    1.0474076525E+00
    6.0598429660E+01   -1.1667725950E+01    3.3389629722E+02   -5.5461335100E+00    3.3394235565E+02    7.1774436458E-01    4.9874348301E+04    1.6470639823E+05    1.0706653979E+00
    6.3433210150E+01   -1.1718096700E+01    3.3330289394E+02   -7.3335429977E+00    3.3338356282E+02    7.1757339366E-01    4.9865150445E+04    1.6454008000E+05    1.0688450803E+00
    6.6963154880E+01   -1.1780821780E+01    3.3643966001E+02   -6.4831222965E+00    3.3650211843E+02    7.1000917645E-01    4.9134463261E+04    1.6303463257E+05    1.0810920098E+00
    7.1358775240E+01   -1.1858931950E+01    3.4183302390E+02   -5.7120165202E+00    3.4188074435E+02    6.9405698138E-01    4.7602369797E+04    1.5956746240E+05    1.1033007150E+00
    7.6832415470E+01   -1.1956201640E+01    3.4724963749E+02   -5.3932868610E+00    3.4729151772E+02    6.7824438686E-01    4.6092591417E+04    1.5613348048E+05    1.1259204302E+00
    8.3648517490E+01   -1.2077331390E+01    3.5049042297E+02   -5.3393976651E+00    3.5053109100E+02    6.6386880503E-01    4.4733522700E+04    1.5261926585E+05    1.1412666008E+00
    9.2136404360E+01   -1.2228175150E+01    3.5292107074E+02   -5.1591130665E+00    3.5295877751E+02    6.5400420691E-01    4.3799316385E+04    1.5023617986E+05    1.1527007444E+00
    1.0270619947E+02   -1.2416023240E+01    3.5109178600E+02   -5.3870667008E+00    3.5113311249E+02    6.4403044578E-01    4.2862848941E+04    1.4685981624E+05    1.1503247149E+00
    1.1586863495E+02   -1.2649954860E+01    3.5108935523E+02   -5.3869936892E+00    3.5113068089E+02    6.4403445770E-01    4.2863216872E+04    1.4686043350E+05    1.1503153947E+00
   -2.6440171400E+00   -2.7989633500E+01    7.9222172603E+01    0.0000000000E+00    7.9222172603E+01    1.1663050408E+00    9.7650791975E+04    2.4778693416E+05    2.3139337574E-01
    8.0301409900E+00   -2.4626487800E+01    7.9222214136E+01    1.7757022093E+01    8.1187874995E+01    1.1894877387E+00    1.0061171822E+05    2.5544953254E+05    2.3592983199E-01
    1.6779571680E+01   -2.1869785270E+01    9.5389624142E+01    2.6739377237E+01    9.9066516488E+01    1.1651478358E+00    9.7799807193E+04    2.5021700018E+05    2.8899104889E-01
    2.3951377310E+01   -1.9610166800E+01    1.0790483888E+02    3.2824957260E+01    1.1278710952E+02    1.1516653532E+00    9.6284394688E+04    2.4803611508E+05    3.2967092569E-01
    2.9830081800E+01   -1.7757988250E+01    1.2194528825E+02    3.7879970294E+01    1.2769316926E+02    1.1328958614E+00    9.4135922705E+04    2.4457604926E+05    3.7438716487E-01
    3.4648898760E+01   -1.6239770220E+01    1.3597119769E+02    4.2475711750E+01    1.4245122916E+02    1.1135132794E+00    9.1927016650E+04    2.4111544372E+05    4.1901377493E-01
    3.8598979480E+01   -1.4995284460E+01    1.5089784099E+02    4.6880726351E+01    1.5801253405E+02    1.0906900295E+00    8.9327425845E+04    2.3693471763E+05    4.6664410309E-01
    4.1836995390E+01   -1.3975165280E+01    1.6674014619E+02    5.0917132515E+01    1.7434113323E+02    1.0649947826E+00    8.6423020279E+04    2.3224271877E+05    5.1724329180E-01
    4.4491355150E+01   -1.3138951090E+01    1.8394577005E+02    5.4254872984E+01    1.9178018032E+02    1.0349332758E+00    8.3044938227E+04    2.2664458096E+05    5.7218872667E-01
    4.6667302190E+01   -1.2453478970E+01    2.0315600719E+02    5.5906001873E+01    2.1070795975E+02    1.0001371727E+00    7.9186465511E+04    2.2016813102E+05    6.3287979292E-01
    4.8920542700E+01   -1.1837506060E+01    2.2638025499E+02    5.4227872031E+01    2.3278462568E+02    9.5624810999E-01    7.4390591865E+04    2.1188539201E+05    7.0536931633E-01
    5.1217767060E+01   -1.1359980810E+01    2.5216710031E+02    4.8148730610E+01    2.5672270398E+02    9.0465406343E-01    6.8858950971E+04    2.0195869009E+05    7.8643227511E-01
    5.3547474250E+01   -1.1024107310E+01    2.7797576930E+02    3.8379006936E+01    2.8061268057E+02    8.4961185805E-01    6.3093875091E+04    1.9118538341E+05    8.7028191028E-01
    5.5897937520E+01   -1.0832139080E+01    3.0326545581E+02    2.4643077564E+01    3.0426504558E+02    7.9282063082E-01    5.7294357904E+04    1.7993445893E+05    9.5657623709E-01
    5.8257283820E+01   -1.0785364750E+01    3.2301194889E+02    9.3234670879E+00    3.2314647787E+02    7.4361337689E-01    5.2410827458E+04    1.6985247872E+05    1.0287231130E+00
    6.0542934920E+01   -1.0822920750E+01    3.3095568026E+02   -2.6410185896E+00    3.3096621773E+02    7.2084163245E-01    5.0199971695E+04    1.6497993429E+05    1.0599560149E+00
    6.3387668370E+01   -1.0869665670E+01    3.3214409557E+02   -6.3505618061E+00    3.3220480107E+02    7.1710994370E-01    4.9832703436E+04    1.6415189599E+05    1.0650684866E+00
    6.6928278510E+01   -1.0927847880E+01    3.3598606909E+02   -5.9991562767E+00    3.3603962341E+02    7.0916182552E-01    4.9054602630E+04    1.6267671526E+05    1.0798396378E+00
    7.1335040140E+01   -1.1000266600E+01    3.4179537302E+02   -5.2246789639E+00    3.4183530287E+02    6.9365341793E-01    4.7558101150E+04    1.5942243046E+05    1.1033464616E+00
    7.6819904930E+01   -1.1090406260E+01    3.4764737231E+02   -4.8861197993E+00    3.4768170737E+02    6.7815330785E-01    4.6075276057E+04    1.5617664737E+05    1.1273215085E+00
    8.3646704750E+01   -1.1202604360E+01    3.5145407442E+02   -4.8443478165E+00    3.5148745942E+02    6.6390096324E-01    4.4725997004E+04    1.5282529497E+05    1.1445043587E+00
    9.2143852340E+01   -1.1342260220E+01    3.5450041545E+02   -4.6309194590E+00    3.5453066154E+02    6.5403499895E-01    4.3793802766E+04    1.5058798718E+05    1.1579343800E+00
    1.0272015028E+02   -1.1516094970E+01    3.5382071317E+02   -4.8754437182E+00    3.5385430197E+02    6.4412538133E-01    4.2864728261E+04    1.4748821351E+05    1.1592994529E+00
    1.1588445383E+02   -1.1732475150E+01    3.5381854716E+02   -4.8753741195E+00    3.5385213520E+02    6.4412938257E-01    4.2865096505E+04    1.4748889076E+05    1.1592909752E+00
   -3.4244493700E+00   -2.5389355320E+01    8.2550182057E+01    0.0000000000E+00    8.2550182057E+01    1.1636284616E+00    9.7337194702E+04    2.4730777877E+05    2.4122469859E-01
    7.3651011700E+00   -2.2336822080E+01    8.2550217906E+01    1.5567212190E+01    8.4005217527E+01    1.1836513132E+00    9.9874783174E+04    2.5386339855E+05    2.4441407411E-01
    1.6211961590E+01   -1.9833918240E+01    9.6865309728E+01    2.3702275407E+01    9.9723046925E+01    1.1636722006E+00    9.7586593156E+04    2.4975266026E+05    2.9103939100E-01
    2.3465973270E+01   -1.7781671750E+01    1.0918706037E+02    2.9503438005E+01    1.1310290450E+02    1.1506814823E+00    9.6131479398E+04    2.4768861088E+05    3.3071545369E-01
    2.9413995930E+01   -1.6098927260E+01    1.2316631585E+02    3.4201639896E+01    1.2782681069E+02    1.1323028876E+00    9.4033324303E+04    2.4433405184E+05    3.7488524547E-01
    3.4291232380E+01   -1.4719142240E+01    1.3730232511E+02    3.8420805206E+01    1.4257659960E+02    1.1129161934E+00    9.1827847241E+04    2.4088134657E+05    4.1949642510E-01
    3.8290524370E+01   -1.3587757280E+01    1.5232452083E+02    4.2338849633E+01    1.5809913926E+02    1.0900963572E+00    8.9232182367E+04    2.3670411928E+05    4.6702182270E-01
    4.1569977270E+01   -1.2660039290E+01    1.6812704097E+02    4.5766123662E+01    1.7424477031E+02    1.0646099634E+00    8.6354072111E+04    2.3204661957E+05    5.1707029235E-01
    4.4259214110E+01   -1.1899312610E+01    1.8489161941E+02    4.8308600407E+01    1.9109848718E+02    1.0355176887E+00    8.3084937264E+04    2.2662018776E+05    5.7017850901E-01
    4.6464505540E+01   -1.1275508220E+01    2.0266373615E+02    4.9218882419E+01    2.0855476100E+02    1.0035624651E+00    7.9538196468E+04    2.2067051020E+05    6.2609527461E-01
    4.8749833090E+01   -1.0716465510E+01    2.2369159745E+02    4.7361176170E+01    2.2865041390E+02    9.6461348144E-01    7.5270731422E+04    2.1339231295E+05    6.9178568279E-01
    5.1074933610E+01   -1.0282610490E+01    2.4734627323E+02    4.1876126413E+01    2.5086607751E+02    9.1829944659E-01    7.0279929321E+04    2.0459585504E+05    7.6639810944E-01
    5.3429410000E+01   -9.9768544500E+00    2.7156874538E+02    3.3346995923E+01    2.7360848964E+02    8.6797643608E-01    6.4962411147E+04    1.9489508268E+05    8.4525636640E-01
    5.5802659770E+01   -9.8012510800E+00    2.9576468085E+02    2.1454416663E+01    2.9654179880E+02    8.1468097222E-01    5.9465670936E+04    1.8448449332E+05    9.2764653059E-01
    5.8183946580E+01   -9.7569836600E+00    3.1647213256E+02    8.0835294697E+00    3.1657535301E+02    7.6502945133E-01    5.4471383026E+04    1.7451406583E+05    1.0026929426E+00
    6.0480449870E+01   -9.7909973100E+00    3.2824946688E+02   -3.1975362060E+00    3.2826504039E+02    7.3355034511E-01    5.1383887333E+04    1.6798265418E+05    1.0482433123E+00
    6.3336991030E+01   -9.8333085300E+00    3.3250571813E+02   -6.9765995489E+00    3.3257890121E+02    7.2088296960E-01    5.0153042090E+04    1.6525057849E+05    1.0656495816E+00
    6.6890192450E+01   -9.8859417600E+00    3.3703590386E+02   -6.1169306583E+00    3.3709140798E+02    7.0990994736E-01    4.9090921080E+04    1.6306105549E+05    1.0833897083E+00
    7.1310018090E+01   -9.9514159200E+00    3.4271474065E+02   -4.7973284818E+00    3.4274831556E+02    6.9399943392E-01    4.7563219647E+04    1.5967232938E+05    1.1065097544E+00
    7.6807912830E+01   -1.0032864870E+01    3.4844714465E+02   -4.2282701343E+00    3.4847279791E+02    6.7849711218E-01    4.6086041564E+04    1.5641117251E+05    1.1300409009E+00
    8.3646928990E+01   -1.0134187500E+01    3.5237992300E+02   -4.1710308311E+00    3.5240460784E+02    6.6418536314E-01    4.4734848114E+04    1.5307938085E+05    1.1476229571E+00
    9.2154324430E+01   -1.0260234460E+01    3.5567934417E+02   -3.9795207949E+00    3.5570160592E+02    6.5422248007E-01    4.3797499466E+04    1.5088105097E+05    1.1618762695E+00
    1.0273723471E+02   -1.0417040520E+01    3.5572312963E+02   -4.2642690279E+00    3.5574868791E+02    6.4433625366E-01    4.2873397583E+04    1.4795616713E+05    1.1655787532E+00
    1.1590215597E+02   -1.0612113640E+01    3.5572114062E+02   -4.2642047657E+00    3.5574669826E+02    6.4434024988E-01    4.2873766355E+04    1.4795688586E+05    1.1655708360E+00
   -4.2738442500E+00   -2.2184900350E+01    8.6085592502E+01    0.0000000000E+00    8.6085592502E+01    1.1606687482E+00    9.6990760245E+04    2.4677760153E+05    2.5168389062E-01
    6.6478971600E+00   -1.9515423210E+01    8.6085624710E+01    1.2717787228E+01    8.7019979854E+01    1.1791774129E+00    9.9304704439E+04    2.5272640795E+05    2.5343093441E-01
    1.5606661130E+01   -1.7325743600E+01    9.8730218491E+01    2.0052400744E+01    1.0074599158E+02    1.1625504385E+00    9.7416083614E+04    2.4944000999E+05    2.9414016189E-01
    2.2955320460E+01   -1.5529615580E+01    1.1075202994E+02    2.5439052382E+01    1.1363607491E+02    1.1498888266E+00    9.6001403764E+04    2.4742785719E+05    3.3238494281E-01
    2.8983332170E+01   -1.4056291840E+01    1.2457940734E+02    2.9680881096E+01    1.2806632436E+02    1.1318907533E+00    9.3952107135E+04    2.4416232859E+05    3.7568159648E-01
    3.3928121050E+01   -1.2847741360E+01    1.3878018977E+02    3.3409358011E+01    1.4274496935E+02    1.1125162878E+00    9.1751576524E+04    2.4071332749E+05    4.2009084318E-01
    3.7984425620E+01   -1.1856365270E+01    1.5385312199E+02    3.6734209835E+01    1.5817770171E+02    1.0897527869E+00    8.9165375579E+04    2.3654634729E+05    4.6735523934E-01
    4.1311967090E+01   -1.1043122710E+01    1.6957244833E+02    3.9486144874E+01    1.7410907751E+02    1.0645396694E+00    8.6320120075E+04    2.3193551245E+05    5.1675216356E-01
    4.4041742670E+01   -1.0375992950E+01    1.8590060917E+02    4.1286427699E+01    1.9043005435E+02    1.0362965860E+00    8.3146878996E+04    2.2665712283E+05    5.6818600337E-01
    4.6281190000E+01   -9.8287136300E+00    2.0259208647E+02    4.1733938702E+01    2.0684601794E+02    1.0062492241E+00    7.9811135314E+04    2.2105416324E+05    6.2073206704E-01
    4.8595101130E+01   -9.3407358100E+00    2.2195374808E+02    4.0321036988E+01    2.2558646305E+02    9.6997487229E-01    7.5834942810E+04    2.1426800503E+05    6.8185900011E-01
    5.0943648260E+01   -8.9617716300E+00    2.4377061627E+02    3.6278617602E+01    2.4645537416E+02    9.2638035147E-01    7.1131879556E+04    2.0596398663E+05    7.5168658596E-01
    5.3317779820E+01   -8.6943694800E+00    2.6639511022E+02    2.9908917516E+01    2.6806883089E+02    8.7856417008E-01    6.6064961252E+04    1.9672960828E+05    8.2619669626E-01
    5.5708264180E+01   -8.5403327900E+00    2.8935483113E+02    2.0755436794E+01    2.9009827034E+02    8.2724295728E-01    6.0752854044E+04    1.8669128056E+05    9.0472026507E-01
    5.8105751720E+01   -8.5007089600E+00    3.1010180807E+02    1.0225327457E+01    3.1027034775E+02    7.7766073951E-01    5.5733528332E+04    1.7676562182E+05    9.7951946939E-01
    6.0414966400E+01   -8.5303856400E+00    3.2424176351E+02   -2.4634147016E-01    3.2424185709E+02    7.4111028763E-01    5.2124095736E+04    1.6926773245E+05    1.0333018677E+00
    6.3285253050E+01   -8.5672758700E+00    3.3118172694E+02   -5.4209977251E+00    3.3122609118E+02    7.2184183398E-01    5.0242113193E+04    1.6520217790E+05    1.0610787002E+00
    6.6852991140E+01   -8.6131333500E+00    3.3675338936E+02   -5.3360184028E+00    3.3679566259E+02    7.0858979997E-01    4.8954065592E+04    1.6257330157E+05    1.0829428481E+00
    7.1287723850E+01   -8.6701386800E+00    3.4259843296E+02   -4.1010179986E+00    3.4262297736E+02    6.9308603440E-01    4.7462996759E+04    1.5933835156E+05    1.1065434278E+00
    7.6800225540E+01   -8.7410029000E+00    3.4844486762E+02   -3.5427765988E+00    3.4846287756E+02    6.7824033516E-01    4.6047610220E+04    1.5629715888E+05    1.1302662501E+00
    8.3652531920E+01   -8.8290965700E+00    3.5267152494E+02   -3.5324659428E+00    3.5268921563E+02    6.6419976585E-01    4.4721814925E+04    1.5311433641E+05    1.1487295987E+00
    9.2170409630E+01   -8.9386101600E+00    3.5628344744E+02   -3.3632136675E+00    3.5629932098E+02    6.5427582726E-01    4.3789338516E+04    1.5100324472E+05    1.1639845668E+00
    1.0275885745E+02   -9.0747535200E+00    3.5691137273E+02   -3.6219084572E+00    3.5692974967E+02    6.4450251117E-01    4.2877215551E+04    1.4824747703E+05    1.1695471884E+00
    1.1592136501E+02   -9.2440038400E+00    3.5690949841E+02   -3.6218504283E+00    3.5692787486E+02    6.4450650719E-01    4.2877584904E+04    1.4824822367E+05    1.1695396336E+00
   -5.1551058600E+00   -1.8233912820E+01    8.9452491766E+01    0.0000000000E+00    8.9452491766E+01    1.1577392010E+00    9.6648204540E+04    2.4625248018E+05    2.6165973607E-01
    5.9120680500E+00   -1.6037859170E+01    8.9452521448E+01    9.9375696570E+00    9.0002827089E+01    1.1737089562E+00    9.8626854414E+04    2.5132095595E+05    2.6240659856E-01
    1.4994471660E+01   -1.4235646750E+01    1.0056924851E+02    1.6041037902E+01    1.0184050591E+02    1.1603285972E+00    9.7123585820E+04    2.4882613198E+05    2.9749842719E-01
    2.2448120690E+01   -1.2756632780E+01    1.1228818981E+02    2.0645911950E+01    1.1417044824E+02    1.1481875743E+00    9.5772468193E+04    2.4691442057E+05    3.3409945686E-01
    2.8565187600E+01   -1.1542842250E+01    1.2595770081E+02    2.4222027495E+01    1.2826554101E+02    1.1306819766E+00    9.3786163083E+04    2.4376642535E+05    3.7639758634E-01
    3.3585439280E+01   -1.0546698350E+01    1.4021511003E+02    2.7313726765E+01    1.4285067991E+02    1.1113461018E+00    9.1594760486E+04    2.4032614150E+05    4.2054032260E-01
    3.7705629010E+01   -9.7291588800E+00    1.5530016494E+02    2.9963985106E+01    1.5816441330E+02    1.0886617963E+00    8.9021863783E+04    2.3617163121E+05    4.6745833405E-01
    4.1087207090E+01   -9.0581864300E+00    1.7086101110E+02    3.2029713271E+01    1.7383724471E+02    1.0637822322E+00    8.6217220058E+04    2.3161647397E+05    5.1606947337E-01
    4.3862651590E+01   -8.5074922600E+00    1.8665557837E+02    3.3186252829E+01    1.8958278486E+02    1.0365090117E+00    8.3154657275E+04    2.2651355608E+05    5.6568951977E-01
    4.6140666000E+01   -8.0555052300E+00    2.0223325722E+02    3.3257213873E+01    2.0494958551E+02    1.0085253916E+00    8.0046749387E+04    2.2129809146E+05    6.1482935508E-01
    4.8476822510E+01   -7.6555073200E+00    2.1989027427E+02    3.1970094209E+01    2.2220220440E+02    9.7563441484E-01    7.6436318734E+04    2.1517619565E+05    6.7093124861E-01
    5.0841350160E+01   -7.3448003800E+00    2.3982441412E+02    2.8709780463E+01    2.4153674897E+02    9.3622564630E-01    7.2169759690E+04    2.0773410184E+05    7.3524458714E-01
    5.3226837000E+01   -7.1254835900E+00    2.6073652245E+02    2.3747214661E+01    2.6181570683E+02    8.9263249239E-01    6.7524172394E+04    1.9940427795E+05    8.0452286224E-01
    5.5625722490E+01   -6.9990475800E+00    2.8235000003E+02    1.6665578882E+01    2.8284141146E+02    8.4511158045E-01    6.2566081522E+04    1.9021935604E+05    8.7855008742E-01
    5.8030348200E+01   -6.9663654600E+00    3.0270042110E+02    8.5535435929E+00    3.0282124767E+02    7.9752225310E-01    5.7701534742E+04    1.8082051450E+05    9.5148084433E-01
    6.0354140500E+01   -6.9907111600E+00    3.1929697138E+02   -1.5408376146E-01    3.1929700856E+02    7.5660719541E-01    5.3618696309E+04    1.7261501185E+05    1.0136964844E+00
    6.3240039320E+01   -7.0209487600E+00    3.2990793476E+02   -5.2329679255E+00    3.2994943457E+02    7.2807776281E-01    5.0822071067E+04    1.6668686365E+05    1.0554704393E+00
    6.6824071790E+01   -7.0585044400E+00    3.3720902974E+02   -5.1494886215E+00    3.3724834613E+02    7.0946703069E-01    4.9017296033E+04    1.6288936974E+05    1.0843693777E+00
    7.1275197690E+01   -7.1051500400E+00    3.4317272741E+02   -3.5865454970E+00    3.4319146864E+02    6.9300826744E-01    4.7438016180E+04    1.5940643043E+05    1.1086090352E+00
    7.6803285570E+01   -7.1630865600E+00    3.4882244378E+02   -2.8112406545E+00    3.4883377181E+02    6.7841846733E-01    4.6049399330E+04    1.5640017404E+05    1.1315958652E+00
    8.3669020900E+01   -7.2350480800E+00    3.5305997229E+02   -2.7573429322E+00    3.5307073933E+02    6.6446406462E-01    4.4733153196E+04    1.5324857829E+05    1.1500552431E+00
    9.2196213100E+01   -7.3244309200E+00    3.5677272862E+02   -2.6258675252E+00    3.5678239176E+02    6.5445405310E-01    4.3794012447E+04    1.5113896191E+05    1.1656592298E+00
    1.0278708136E+02   -7.4354539500E+00    3.5773384190E+02   -2.8661414860E+00    3.5774532339E+02    6.4473193697E-01    4.2887926027E+04    1.4847676503E+05    1.1722817840E+00
    1.1594123145E+02   -7.5733578700E+00    3.5773203945E+02   -2.8660927766E+00    3.5774352061E+02    6.4473593733E-01    4.2888296117E+04    1.4847753042E+05    1.1722744554E+00
   -5.9964345900E+00   -1.3362947100E+01    9.2417513659E+01    0.0000000000E+00    9.2417513659E+01    1.1550701431E+00    9.6336409853E+04    2.4577374985E+05    2.7045761430E-01
    5.2161465600E+00   -1.1752812630E+01    9.2417541675E+01    6.8246259075E+00    9.2669183270E+01    1.1693222409E+00    9.8085304824E+04    2.5023408476E+05    2.7041853125E-01
    1.4423253910E+01   -1.0430663410E+01    1.0235591392E+02    1.1390792046E+01    1.0298778208E+02    1.1583620390E+00    9.6867470040E+04    2.4831174889E+05    3.0099194082E-01
    2.1983651180E+01   -9.3449799500E+00    1.1377847443E+02    1.4910859414E+01    1.1475136153E+02    1.1466480666E+00    9.5568940649E+04    2.4647181081E+05    3.3593133423E-01
    2.8191934920E+01   -8.4534576600E+00    1.2727678322E+02    1.7617380422E+01    1.2849027839E+02    1.1295677533E+00    9.3637808565E+04    2.4341896295E+05    3.7716968102E-01
    3.3290003650E+01   -7.7213597500E+00    1.4155761262E+02    1.9906267210E+01    1.4295040107E+02    1.1102616806E+00    9.1454616692E+04    2.3998053896E+05    4.2095068334E-01
    3.7476477340E+01   -7.1201645300E+00    1.5661280200E+02    2.1786109160E+01    1.5812085347E+02    1.0876641617E+00    8.8895876292E+04    2.3583669152E+05    4.6744630774E-01
    4.0914434980E+01   -6.6264542400E+00    1.7199312472E+02    2.3160394989E+01    1.7354549504E+02    1.0631028795E+00    8.6129979265E+04    2.3133423507E+05    5.1529959677E-01
    4.3737770880E+01   -6.2210022000E+00    1.8730074111E+02    2.3811105889E+01    1.8880819999E+02    1.0366074290E+00    8.3156932037E+04    2.2636909891E+05    5.6339730265E-01
    4.6056416230E+01   -5.8880229900E+00    2.0205491067E+02    2.3709322522E+01    2.0344119274E+02    1.0100597540E+00    8.0208264149E+04    2.2142299798E+05    6.1015313946E-01
    4.8408137220E+01   -5.5958914200E+00    2.1848326932E+02    2.2801183269E+01    2.1966982709E+02    9.7923187455E-01    7.6823332806E+04    2.1568466727E+05    6.6283066008E-01
    5.0780590450E+01   -5.3690054800E+00    2.3702125491E+02    2.0673354643E+01    2.3792112742E+02    9.4232179851E-01    7.2820329870E+04    2.0872157663E+05    7.2333967913E-01
    5.3168361700E+01   -5.2089091700E+00    2.5653605206E+02    1.7516266165E+01    2.5713336148E+02    9.0122553164E-01    6.8430830936E+04    2.0087049644E+05    7.8865170419E-01
    5.5565927200E+01   -5.1167032100E+00    2.7703117989E+02    1.2928309211E+01    2.7733268074E+02    8.5603989842E-01    6.3695241893E+04    1.9215858106E+05    8.5927176129E-01
    5.7967690580E+01   -5.0930386100E+00    2.9675488929E+02    7.6539195855E+00    2.9685357805E+02    8.0984713916E-01    5.8949535891E+04    1.8305653348E+05    9.2990718036E-01
    6.0307875150E+01   -5.1107941200E+00    3.1469860492E+02    1.4964545035E+00    3.1470216287E+02    7.6658849142E-01    5.4603588279E+04    1.7446945590E+05    9.9656645787E-01
    6.3211094320E+01   -5.1328239300E+00    3.2816390803E+02   -3.1377035147E+00    3.2817890810E+02    7.3126311482E-01    5.1126680164E+04    1.6719572946E+05    1.0489618299E+00
    6.6812864390E+01   -5.1601571200E+00    3.3712829957E+02   -3.7447297031E+00    3.3714909665E+02    7.0806433446E-01    4.8874839486E+04    1.6242976288E+05    1.0845552229E+00
    7.1281332250E+01   -5.1940709200E+00    3.4325219593E+02   -2.5835092687E+00    3.4326191826E+02    6.9131362863E-01    4.7267719089E+04    1.5889760619E+05    1.1094732707E+00
    7.6825135030E+01   -5.2361502200E+00    3.4874549744E+02   -1.9402138178E+00    3.4875089450E+02    6.7773620966E-01    4.5975942096E+04    1.5615542940E+05    1.1316609721E+00
    8.3703152770E+01   -5.2883617100E+00    3.5307351336E+02   -1.9400589654E+00    3.5307884341E+02    6.6431941039E-01    4.4710706597E+04    1.5318534642E+05    1.1502450733E+00
    9.2236609220E+01   -5.3531458500E+00    3.5695435413E+02   -1.8671454901E+00    3.5695923739E+02    6.5442038085E-01    4.3782521517E+04    1.5114939261E+05    1.1663600357E+00
    1.0282408490E+02   -5.4335309500E+00    3.5821531477E+02   -2.0464490747E+00    3.5822116030E+02    6.4485439082E-01    4.2891495961E+04    1.4860337134E+05    1.1739036479E+00
    1.1596013811E+02   -5.5332747900E+00    3.5821355741E+02   -2.0464122290E+00    3.5821940276E+02    6.4485839751E-01    4.2891866779E+04    1.4860414947E+05    1.1738964608E+00
   -6.6704928300E+00   -7.3647144600E+00    9.4590622779E+01    0.0000000000E+00    9.4590622779E+01    1.1530611266E+00    9.6101910049E+04    2.4541321657E+05    2.7691355986E-01
    4.6581115200E+00   -6.4783326400E+00    9.4590649782E+01    3.5332163458E+00    9.4656614370E+01    1.1655493249E+00    9.7626717985E+04    2.4928838288E+05    2.7641902629E-01
    1.3967113450E+01   -5.7499635300E+00    1.0372367868E+02    6.0672100073E+00    1.0390097476E+02    1.1559657647E+00    9.6572014133E+04    2.4766959900E+05    3.0381026642E-01
    2.1616603960E+01   -5.1514304700E+00    1.1489046023E+02    8.0557893537E+00    1.1517253837E+02    1.1445332570E+00    9.5310377511E+04    2.4586689670E+05    3.3730985837E-01
    2.7902475700E+01   -4.6595809700E+00    1.2823391463E+02    9.5872275189E+00    1.2859180298E+02    1.1277926103E+00    9.3425177697E+04    2.4288744997E+05    3.7759994623E-01
    3.3067867310E+01   -4.2553912100E+00    1.4250255177E+02    1.0863774665E+01    1.4291605530E+02    1.1085443163E+00    9.1254252701E+04    2.3945663995E+05    4.2098534327E-01
    3.7312563820E+01   -3.9232302900E+00    1.5749473161E+02    1.1881103059E+01    1.5794223974E+02    1.0860794901E+00    8.8715615175E+04    2.3533557225E+05    4.6705179606E-01
    4.0800723150E+01   -3.6502555300E+00    1.7268716502E+02    1.2590762928E+01    1.7314555805E+02    1.0618550303E+00    8.5991152011E+04    2.3089476003E+05    5.1422485858E-01
    4.3667227040E+01   -3.4259153100E+00    1.8758559511E+02    1.2884282932E+01    1.8802755181E+02    1.0360750731E+00    8.3100903767E+04    2.2606714510E+05    5.6111284752E-01
    4.6022901230E+01   -3.2415403800E+00    2.0173793986E+02    1.2773863458E+01    2.0214195004E+02    1.0106755614E+00    8.0279723823E+04    2.2134810256E+05    6.0617131422E-01
    4.8386804760E+01   -3.0809501100E+00    2.1724833160E+02    1.2257570681E+01    2.1759385474E+02    9.8159024026E-01    7.7084584784E+04    2.1594918054E+05    6.5624189885E-01
    5.0762120780E+01   -2.9562725900E+00    2.3472341936E+02    1.1104157650E+01    2.3498592706E+02    9.4704785422E-01    7.3330931134E+04    2.0947455478E+05    7.1370739785E-01
    5.3145870510E+01   -2.8683655600E+00    2.5308652191E+02    9.4438676910E+00    2.5326265853E+02    9.0859995195E-01    6.9212815905E+04    2.0217173710E+05    7.7553292245E-01
    5.5535014160E+01   -2.8178438200E+00    2.7263766176E+02    7.0616015524E+00    2.7272909787E+02    8.6618949214E-01    6.4746482211E+04    1.9408029549E+05    8.4307425001E-01
    5.7926471090E+01   -2.8050758000E+00    2.9168920443E+02    4.3252927093E+00    2.9172127131E+02    8.2211226297E-01    6.0192952114E+04    1.8546379150E+05    9.1116456369E-01
    6.0284896260E+01   -2.8146985600E+00    3.1030778453E+02    1.0361609094E+00    3.1030951446E+02    7.7854968679E-01    5.5786794177E+04    1.7695103663E+05    9.7973480938E-01
    6.3207071230E+01   -2.8266229700E+00    3.2627048922E+02   -1.8443238863E+00    3.2627570192E+02    7.3804830290E-01    5.1781697690E+04    1.6873901791E+05    1.0410580946E+00
    6.6827789080E+01   -2.8413995900E+00    3.3720666919E+02   -2.4268448565E+00    3.3721540197E+02    7.0946626835E-01    4.9005027352E+04    1.6285077264E+05    1.0843985855E+00
    7.1314080610E+01   -2.8597108000E+00    3.4373838054E+02   -1.6460424173E+00    3.4374232168E+02    6.9097208567E-01    4.7230976158E+04    1.5889965100E+05    1.1111834867E+00
    7.6872925810E+01   -2.8824023000E+00    3.4902732837E+02   -1.0896791113E+00    3.4902902938E+02    6.7767368763E-01    4.5965828216E+04    1.5619210292E+05    1.1326358365E+00
    8.3760809580E+01   -2.9105221200E+00    3.5328069587E+02   -1.0262992003E+00    3.5328218659E+02    6.6449762106E-01    4.4723091536E+04    1.5327513918E+05    1.1509024872E+00
    9.2295561990E+01   -2.9453690500E+00    3.5718354134E+02   -9.8302191453E-01    3.5718489405E+02    6.5454025734E-01    4.3789357612E+04    1.5122686020E+05    1.1671131440E+00
    1.0287102821E+02   -2.9885526000E+00    3.5856983164E+02   -1.0854838803E+00    3.5857147466E+02    6.4501372586E-01    4.2901976367E+04    1.4872077784E+05    1.1750532501E+00
    1.1597524390E+02   -3.0420673400E+00    3.5856809954E+02   -1.0854632502E+00    3.5856974250E+02    6.4501773894E-01    4.2902347841E+04    1.4872156390E+05    1.1750461420E+00
   -6.9630203200E+00    0.0000000000E+00    9.5417105962E+01    0.0000000000E+00    9.5417105962E+01    1.1522853579E+00    9.6011403190E+04    2.4527395527E+05    2.7937068682E-01
    4.4008166800E+00    0.0000000000E+00    9.5417132603E+01   -2.5739899039E-14    9.5417132603E+01    1.1640841352E+00    9.7449524890E+04    2.4892297302E+05    2.7871777457E-01
    1.3746858780E+01    0.0000000000E+00    1.0427712101E+02    3.3041189537E-14    1.0427712101E+02    1.1548634876E+00    9.6438288834E+04    2.4737455201E+05    3.0497594935E-01
    2.1433400420E+01    0.0000000000E+00    1.1534637022E+02    8.2899440118E-15    1.1534637022E+02    1.1434501253E+00    9.5181212605E+04    2.4555971062E+05    3.3788811120E-01
    2.7755105560E+01    0.0000000000E+00    1.2862605738E+02   -2.4126299079E-16    1.2862605738E+02    1.1267739011E+00    9.3306942725E+04    2.4258840384E+05    3.7776902896E-01
    3.2954317080E+01    0.0000000000E+00    1.4288079414E+02    3.4764559955E-14    1.4288079414E+02    1.1075044918E+00    9.1136759805E+04    2.3914670805E+05    4.2095511763E-01
    3.7230347020E+01    0.0000000000E+00    1.5783529841E+02   -1.5798577939E-14    1.5783529841E+02    1.0850731032E+00    8.8604820471E+04    2.3502771167E+05    4.6681085035E-01
    4.0747117210E+01    0.0000000000E+00    1.7294083685E+02   -4.7554381943E-14    1.7294083685E+02    1.0609789159E+00    8.5897204490E+04    2.3060917271E+05    5.1368561023E-01
    4.3639443200E+01    0.0000000000E+00    1.8767516125E+02   -1.3632835262E-14    1.8767516125E+02    1.0354762826E+00    8.3039702579E+04    2.2583501173E+05    5.6010566509E-01
    4.6018202460E+01    0.0000000000E+00    2.0161120264E+02   -3.4160190002E-14    2.0161120264E+02    1.0104812153E+00    8.0263972662E+04    2.2119648555E+05    6.0458092259E-01
    4.8396961720E+01    0.0000000000E+00    2.1679889103E+02   -4.9579775064E-15    2.1679889103E+02    9.8198523912E-01    7.7133580414E+04    2.1591146789E+05    6.5376817083E-01
    5.0775720980E+01    0.0000000000E+00    2.3392587278E+02   -1.7479833595E-14    2.3392587278E+02    9.4818190368E-01    7.3458315520E+04    2.0958866862E+05    7.1029636028E-01
    5.3154480230E+01    0.0000000000E+00    2.5191373549E+02   -5.2053331552E-15    2.5191373549E+02    9.1046859651E-01    6.9415980253E+04    2.0242936053E+05    7.7106428066E-01
    5.5533239490E+01    0.0000000000E+00    2.7116389592E+02   -1.3642917086E-14    2.7116389592E+02    8.6881787150E-01    6.5023653774E+04    1.9450116199E+05    8.3771546934E-01
    5.7911998750E+01    0.0000000000E+00    2.9000812567E+02   -3.0498312318E-14    2.9000812567E+02    8.2523537666E-01    6.0514164669E+04    1.8598850391E+05    9.0512080137E-01
    6.0290758010E+01    0.0000000000E+00    3.0881945155E+02   -1.1704412456E-14    3.0881945155E+02    7.8150136669E-01    5.6082082091E+04    1.7747088441E+05    9.7430164554E-01
    6.3233671320E+01    0.0000000000E+00    3.2565735377E+02   -1.9331871190E-14    3.2565735377E+02    7.3913386216E-01    5.1886363771E+04    1.6890948476E+05    1.0387996706E+00
    6.6874535250E+01    0.0000000000E+00    3.3731774797E+02   -2.2851547311E-14    3.3731774797E+02    7.0851505165E-01    4.8911618324E+04    1.6258762307E+05    1.0850348778E+00
    7.1378877970E+01    0.0000000000E+00    3.4391412964E+02   -2.6827464382E-14    3.4391412964E+02    6.8956739519E-01    4.7094795418E+04    1.5851694532E+05    1.1122128367E+00
    7.6951484820E+01    0.0000000000E+00    3.4903484299E+02   -1.3279851706E-14    3.4903484299E+02    6.7681193282E-01    4.5882029312E+04    1.5593148898E+05    1.1329675209E+00
    8.3845708720E+01    0.0000000000E+00    3.5323643798E+02   -3.1153001433E-14    3.5323643798E+02    6.6414264806E-01    4.4687683555E+04    1.5315373414E+05    1.1509017279E+00
    9.2374988520E+01    0.0000000000E+00    3.5717668099E+02   -5.9421820652E-14    3.5717668099E+02    6.5439365818E-01    4.3773900570E+04    1.5117694626E+05    1.1671616166E+00
    1.0292709926E+02    0.0000000000E+00    3.5865255553E+02   -2.0419565033E-14    3.5865255553E+02    6.4501066712E-01    4.2900112802E+04    1.4873467700E+05    1.1753416960E+00
    1.1598178864E+02    0.0000000000E+00    3.5865083237E+02   -2.0363071582E-14    3.5865083237E+02    6.4501468353E-01    4.2900484597E+04    1.4873546617E+05    1.1753346153E+00
   -6.6704928300E+00    7.3647144600E+00    9.4590622779E+01   -0.0000000000E+00    9.4590622779E+01    1.1530611266E+00    9.6101910049E+04    2.4541321657E+05    2.7691355986E-01
    4.6581115200E+00    6.4783326400E+00    9.4590622779E+01   -3.5332164614E+00    9.4656587390E+01    1.1655493495E+00    9.7626720893E+04    2.4928838729E+05    2.7641894630E-01
    1.3967113450E+01    5.7499635300E+00    1.0372365257E+02   -6.0672099618E+00    1.0390094870E+02    1.1559657858E+00    9.6572016619E+04    2.4766960220E+05    3.0381018908E-01
    2.1616603960E+01    5.1514304700E+00    1.1489043362E+02   -8.0557888436E+00    1.1517251179E+02    1.1445332782E+00    9.5310379998E+04    2.4586689956E+05    3.3730977925E-01
    2.7902475700E+01    4.6595809700E+00    1.2823388680E+02   -9.5872262231E+00    1.2859177513E+02    1.1277926331E+00    9.3425180336E+04    2.4288745272E+05    3.7759986293E-01
    3.3067867310E+01    4.2553912100E+00    1.4250252096E+02   -1.0863772241E+01    1.4291602439E+02    1.1085443435E+00    9.1254255802E+04    2.3945664308E+05    4.2098525023E-01
    3.7312563820E+01    3.9232302900E+00    1.5749469630E+02   -1.1881099277E+01    1.5794220425E+02    1.0860795255E+00    8.8715619164E+04    2.3533557658E+05    4.6705168823E-01
    4.0800723150E+01    3.6502555300E+00    1.7268712293E+02   -1.2590757565E+01    1.7314551569E+02    1.0618550773E+00    8.5991157236E+04    2.3089476601E+05    5.1422472854E-01
    4.3667227040E+01    3.4259153100E+00    1.8758554452E+02   -1.2884276025E+01    1.8802750087E+02    1.0360751371E+00    8.3100910833E+04    2.2606715398E+05    5.6111268898E-01
    4.6022901230E+01    3.2415403800E+00    2.0173787879E+02   -1.2773855238E+01    2.0214188857E+02    1.0106756446E+00    8.0279732918E+04    2.2134811444E+05    6.0617112050E-01
    4.8386804760E+01    3.0809501100E+00    2.1724825689E+02   -1.2257561171E+01    2.1759377962E+02    9.8159035234E-01    7.7084596908E+04    2.1594919745E+05    6.5624165813E-01
    5.0762120780E+01    2.9562725900E+00    2.3472332363E+02   -1.1104147429E+01    2.3498583094E+02    9.4704800876E-01    7.3330947656E+04    2.0947457896E+05    7.1370708376E-01
    5.3145870510E+01    2.8683655600E+00    2.5308639743E+02   -9.4438568769E+00    2.5326253374E+02    9.0860017174E-01    6.9212839046E+04    2.0217177329E+05    7.7553250447E-01
    5.5535014160E+01    2.8178438200E+00    2.7263749046E+02   -7.0615916547E+00    2.7272892637E+02    8.6618981330E-01    6.4746515485E+04    1.9408035010E+05    8.4307365951E-01
    5.7926471090E+01    2.8050758000E+00    2.9168896050E+02   -4.3252855914E+00    2.9172102731E+02    8.2211275308E-01    6.0193001886E+04    1.8546387827E+05    9.1116369645E-01
    6.0284896260E+01    2.8146985600E+00    3.1030740478E+02   -1.0361659165E+00    3.1030913474E+02    7.7855048138E-01    5.5786873341E+04    1.7695118105E+05    9.7973341529E-01
    6.3207071230E+01    2.8266229700E+00    3.2626988583E+02    1.8442860567E+00    3.2627509833E+02    7.3804962133E-01    5.1781826290E+04    1.6873926424E+05    1.0410558059E+00
    6.6827789080E+01    2.8413995900E+00    3.3720581733E+02    2.4267913121E+00    3.3721454974E+02    7.0946818755E-01    4.9005211664E+04    1.6285113865E+05    1.0843952724E+00
    7.1314080610E+01    2.8597108000E+00    3.4373729950E+02    1.6459986151E+00    3.4374124044E+02    6.9097454684E-01    4.7231210134E+04    1.5890012454E+05    1.1111792181E+00
    7.6872925810E+01    2.8824023000E+00    3.4902603040E+02    1.0896434779E+00    3.4902773130E+02    6.7767665379E-01    4.5966108142E+04    1.5619267638E+05    1.1326306541E+00
    8.3760809580E+01    2.9105221200E+00    3.5327919435E+02    1.0262648041E+00    3.5328068499E+02    6.6450105372E-01    4.4723413002E+04    1.5327580454E+05    1.1508964317E+00
    9.2295561990E+01    2.9453690500E+00    3.5718188283E+02    9.8298875410E-01    3.5718323545E+02    6.5454407702E-01    4.3789713237E+04    1.5122760516E+05    1.1671063907E+00
    1.0287102821E+02    2.9885526000E+00    3.5856809954E+02    1.0854632502E+00    3.5856974250E+02    6.4501773894E-01    4.2902347841E+04    1.4872156390E+05    1.1750461420E+00
    1.1597524390E+02    3.0420673400E+00    3.5856809954E+02    1.0854632502E+00    3.5856974250E+02    6.4501773894E-01    4.2902347841E+04    1.4872156390E+05    1.1750461420E+00
