 TITLE = "Projeto1" 
 VARIABLES = "X" "Y" "u" "v" "q_vel_out" "rho" "p" "e" "mach" 
 ZONE I =           24  J =          13  DATAPACKING = POINT
    8.4500000000E-06   -3.5279003140E+01    6.9391241349E+01    0.0000000000E+00    6.9391241349E+01    1.1735871085E+00    9.8505440757E+04    2.4908909757E+05    2.0242688621E-01
    1.0306326720E+01   -3.1045768330E+01    6.9391263937E+01    2.5312754795E+01    7.3863949705E+01    1.2053361334E+00    1.0269154257E+05    2.6001694291E+05    2.1387265373E-01
    1.8746475060E+01   -2.7579047530E+01    9.2163595046E+01    3.5996231155E+01    9.8943705758E+01    1.1662313484E+00    9.8073358845E+04    2.5089201613E+05    2.8836396276E-01
    2.5658349530E+01   -2.4740052520E+01    1.0508333985E+02    4.1665144418E+01    1.1304199474E+02    1.1521810534E+00    9.6476277781E+04    2.4855226297E+05    3.3016108999E-01
    3.1318677600E+01   -2.2415119790E+01    1.1903776739E+02    4.7291561357E+01    1.2808778959E+02    1.1329753476E+00    9.4262021543E+04    2.4494912359E+05    3.7530605280E-01
    3.5954079200E+01   -2.0511167100E+01    1.3261890709E+02    5.2693822423E+01    1.4270393631E+02    1.1138015593E+00    9.2066067728E+04    2.4150612704E+05    4.1949428502E-01
    3.9750139730E+01   -1.8951966780E+01    1.4700481862E+02    5.8337370318E+01    1.5815709112E+02    1.0912133017E+00    8.9483722030E+04    2.3735692732E+05    4.6677485905E-01
    4.2858840280E+01   -1.7675093850E+01    1.6240460333E+02    6.4188226075E+01    1.7462927460E+02    1.0654941959E+00    8.6570109558E+04    2.3267160098E+05    5.1777919113E-01
    4.5404642460E+01   -1.6629426760E+01    1.8038013450E+02    7.0708568540E+01    1.9374388916E+02    1.0330149160E+00    8.2923433396E+04    2.2669656619E+05    5.7793454451E-01
    4.7489471440E+01   -1.5773100850E+01    2.0462272048E+02    7.5860532556E+01    2.1823216567E+02    9.8746059947E-01    7.7898342756E+04    2.1825989974E+05    6.5667506148E-01
    4.9607350680E+01   -1.5003262190E+01    2.3632938348E+02    7.4022013921E+01    2.4765063303E+02    9.2618603429E-01    7.1237613019E+04    2.0649591445E+05    7.5469219603E-01
    5.1781269800E+01   -1.4409848660E+01    2.6921766876E+02    6.3491951976E+01    2.7660329199E+02    8.5967440850E-01    6.4218748709E+04    1.9343345026E+05    8.5532153438E-01
    5.3996560260E+01   -1.3996868810E+01    2.9982227146E+02    4.7331748433E+01    3.0353531734E+02    7.9349853376E-01    5.7450815798E+04    1.8018101301E+05    9.5338908687E-01
    5.6238272770E+01   -1.3767109600E+01    3.2700076038E+02    2.5830223743E+01    3.2801935576E+02    7.3100257284E-01    5.1258724558E+04    1.6747354284E+05    1.0469140021E+00
    5.8491279600E+01   -1.3722117420E+01    3.4077140660E+02    4.9752366954E+00    3.4080772370E+02    6.9204387569E-01    4.7551239203E+04    1.5906851305E+05    1.0988320191E+00
    6.0744619520E+01   -1.3769711210E+01    3.3812640946E+02   -5.2010086391E+00    3.3816640765E+02    6.9597402181E-01    4.7937647541E+04    1.5963870217E+05    1.0889917806E+00
    6.3553982470E+01   -1.3829049520E+01    3.3442584802E+02   -6.7816237430E+00    3.3449460122E+02    7.0669761652E-01    4.8964850638E+04    1.6194713688E+05    1.0739886482E+00
    6.7056569970E+01   -1.3903029860E+01    3.3854840937E+02   -7.1059277653E+00    3.3862297573E+02    6.9906766205E-01    4.8213505903E+04    1.6061324314E+05    1.0897519478E+00
    7.1423438710E+01   -1.3995265220E+01    3.4583254061E+02   -7.2456784125E+00    3.4590843586E+02    6.8034310857E-01    4.6408966505E+04    1.5672484283E+05    1.1193352536E+00
    7.6867854440E+01   -1.4110260120E+01    3.5344028934E+02   -7.3371641249E+00    3.5351643824E+02    6.6083419740E-01    4.4548906929E+04    1.5266577156E+05    1.1507297032E+00
    8.3655707370E+01   -1.4253630600E+01    3.5871917558E+02   -7.3771371334E+00    3.5879502376E+02    6.4251615232E-01    4.2825171023E+04    1.4841972267E+05    1.1745590763E+00
    9.2118497430E+01   -1.4432378480E+01    3.6290744281E+02   -7.3555256158E+00    3.6298197724E+02    6.2887935119E-01    4.1543577853E+04    1.4528823205E+05    1.1935833818E+00
    1.0266952384E+02   -1.4655233290E+01    3.6109812172E+02   -7.2903711179E+00    3.6117170850E+02    6.1651657131E-01    4.0390555668E+04    1.4118714217E+05    1.1925653012E+00
    1.1582405090E+02   -1.4933078770E+01    3.6109596786E+02   -7.2903130209E+00    3.6116955390E+02    6.1651916701E-01    4.0390787164E+04    1.4118741045E+05    1.1925572798E+00
   -3.7493654000E-01   -3.4351956070E+01    6.9391263937E+01    0.0000000000E+00    6.9391263937E+01    1.1735870929E+00    9.8505438917E+04    2.4908909478E+05    2.0242695265E-01
    9.9825822500E+00   -3.0229171540E+01    6.9391286521E+01    2.5312762853E+01    7.3863973683E+01    1.2053361299E+00    1.0269154267E+05    2.6001694529E+05    2.1387272274E-01
    1.8465667490E+01   -2.6852503770E+01    9.2163626421E+01    3.5996243083E+01    9.8943739323E+01    1.1662313380E+00    9.8073358467E+04    2.5089201900E+05    2.8836405985E-01
    2.5413537970E+01   -2.4086928300E+01    1.0508337912E+02    4.1665159606E+01    1.1304203684E+02    1.1521810401E+00    9.6476277424E+04    2.4855226748E+05    3.3016121166E-01
    3.1104036770E+01   -2.1821850880E+01    1.1903781403E+02    4.7291579572E+01    1.2808783965E+02    1.1329753316E+00    9.4262021225E+04    2.4494912993E+05    3.7530619748E-01
    3.5764723450E+01   -1.9966692010E+01    1.3261896074E+02    5.2693843590E+01    1.4270399399E+02    1.1138015404E+00    9.2066067400E+04    2.4150613520E+05    4.1949445175E-01
    3.9581973480E+01   -1.8447265030E+01    1.4700487784E+02    5.8337393877E+01    1.5815715486E+02    1.0912132795E+00    8.9483721617E+04    2.3735693701E+05    4.6677504350E-01
    4.2708431140E+01   -1.7202809630E+01    1.6240466804E+02    6.4188252099E+01    1.7462934435E+02    1.0654941699E+00    8.6570108960E+04    2.3267161207E+05    5.1777939343E-01
    4.5269114030E+01   -1.6183562030E+01    1.8038020289E+02    7.0708596355E+01    1.9374396299E+02    1.0330148839E+00    8.2923432253E+04    2.2669657751E+05    5.7793475973E-01
    4.7366413090E+01   -1.5348765120E+01    2.0462279561E+02    7.5860562192E+01    2.1823224643E+02    9.8746055398E-01    7.7898340244E+04    2.1825990978E+05    6.5667529994E-01
    4.9504999150E+01   -1.4598047580E+01    2.3632946692E+02    7.4022042480E+01    2.4765072119E+02    9.2618596850E-01    7.1237608386E+04    2.0649592107E+05    7.5469246243E-01
    5.1698067720E+01   -1.4018847730E+01    2.6921776474E+02    6.3491977239E+01    2.7660339121E+02    8.5967431985E-01    6.4218741845E+04    1.9343345330E+05    8.5532184281E-01
    5.3931360230E+01   -1.3615074210E+01    2.9982238200E+02    4.7331768653E+01    3.0353542968E+02    7.9349841543E-01    5.7450806151E+04    1.8018101050E+05    9.5338944869E-01
    5.6190344140E+01   -1.3389449650E+01    3.2700090017E+02    2.5830237123E+01    3.2801949616E+02    7.3100240020E-01    5.1258709899E+04    1.6747353057E+05    1.0469144763E+00
    5.8460312160E+01   -1.3343492330E+01    3.4077160034E+02    4.9752391012E+00    3.4080791746E+02    6.9204359287E-01    4.7551214409E+04    1.5906848034E+05    1.0988327058E+00
    6.0717878330E+01   -1.3389802890E+01    3.3812667261E+02   -5.2010182425E+00    3.3816667092E+02    6.9597361307E-01    4.7937610798E+04    1.5963864890E+05    1.0889927259E+00
    6.3531877740E+01   -1.3447528720E+01    3.3442617808E+02   -6.7816376421E+00    3.3449493149E+02    7.0669711462E-01    4.8964804773E+04    1.6194707221E+05    1.0739898303E+00
    6.7039463590E+01   -1.3519483110E+01    3.3854884144E+02   -7.1059443141E+00    3.3862340806E+02    6.9906702039E-01    4.8213447043E+04    1.6061316154E+05    1.0897535042E+00
    7.1411597120E+01   -1.3609173330E+01    3.4583314149E+02   -7.2456996879E+00    3.4590903706E+02    6.8034221615E-01    4.6408884603E+04    1.5672472616E+05    1.1193374526E+00
    7.6861381490E+01   -1.3720971250E+01    3.5344114563E+02   -7.3371934067E+00    3.5351729495E+02    6.6083293560E-01    4.4548791840E+04    1.5266560513E+05    1.1507328797E+00
    8.3654450210E+01   -1.3860326380E+01    3.5872038619E+02   -7.3771768022E+00    3.5879623494E+02    6.4251443105E-01    4.2825015071E+04    1.4841950121E+05    1.1745636065E+00
    9.2121916200E+01   -1.4034031630E+01    3.6290909065E+02   -7.3555776931E+00    3.6298362580E+02    6.2887711672E-01    4.1543377236E+04    1.4528795963E+05    1.1935895642E+00
    1.0267651289E+02   -1.4250554360E+01    3.6110027540E+02   -7.2904292113E+00    3.6117386291E+02    6.1651397583E-01    4.0390324193E+04    1.4118687392E+05    1.1925733219E+00
    1.1583269561E+02   -1.4520449310E+01    3.6109812172E+02   -7.2903711179E+00    3.6117170850E+02    6.1651657131E-01    4.0390555668E+04    1.4118714217E+05    1.1925653012E+00
   -8.1922002000E-01   -3.3214552130E+01    7.0761333558E+01    0.0000000000E+00    7.0761333558E+01    1.1726284657E+00    9.8392809538E+04    2.4891779673E+05    2.0645743458E-01
    9.5991315900E+00   -2.9227426920E+01    7.0761353101E+01    2.4356577558E+01    7.4835900229E+01    1.1992824422E+00    1.0193514064E+05    2.5819608947E+05    2.1694255168E-01
    1.8133277590E+01   -2.5961397340E+01    9.2220884803E+01    3.4132606218E+01    9.8334767001E+01    1.1656214587E+00    9.7984378648E+04    2.5059656692E+05    2.8664437303E-01
    2.5123991480E+01   -2.3286050360E+01    1.0538173386E+02    4.0006707840E+01    1.1272021338E+02    1.1518067001E+00    9.6418477456E+04    2.4836353321E+05    3.2926642624E-01
    3.0850429370E+01   -2.1094553290E+01    1.1951999542E+02    4.5607614478E+01    1.2792608727E+02    1.1326352367E+00    9.4211009103E+04    2.4479535804E+05    3.7487743995E-01
    3.5541258340E+01   -1.9299394780E+01    1.3326195218E+02    5.0922027555E+01    1.4265973780E+02    1.1133608786E+00    9.2005904712E+04    2.4134421119E+05    4.1941845105E-01
    3.9383786280E+01   -1.7828890980E+01    1.4781359659E+02    5.6394318582E+01    1.5820612663E+02    1.0906143938E+00    8.9408096828E+04    2.3716883324E+05    4.6698880271E-01
    4.2531441210E+01   -1.6624323360E+01    1.6338025580E+02    6.1971848269E+01    1.7473871341E+02    1.0646983961E+00    8.6474487990E+04    2.3244076701E+05    5.1819642936E-01
    4.5109898660E+01   -1.5637593960E+01    1.8109221664E+02    6.7816422556E+01    1.9337388163E+02    1.0327706381E+00    8.2889182580E+04    2.2653238924E+05    5.7688176315E-01
    4.7222101310E+01   -1.4829304830E+01    2.0371369663E+02    7.1596835129E+01    2.1592910178E+02    9.9135606455E-01    7.8309202008E+04    2.1888418014E+05    6.4931523811E-01
    4.9384793640E+01   -1.4102194370E+01    2.3313384827E+02    6.8608385857E+01    2.4301955028E+02    9.3736130377E-01    7.2411084024E+04    2.0870728719E+05    7.3897233666E-01
    5.1600068280E+01   -1.3540614770E+01    2.6467221063E+02    5.8018178900E+01    2.7095661675E+02    8.7695874266E-01    6.5968786565E+04    1.9711402047E+05    8.3494155475E-01
    5.3854166510E+01   -1.3148350710E+01    2.9466740941E+02    4.2398376924E+01    2.9770203986E+02    8.1491491456E-01    5.9537320433E+04    1.8495483127E+05    9.3084910054E-01
    5.6133064010E+01   -1.2928043990E+01    3.2231824100E+02    2.1896371555E+01    3.2306113905E+02    7.5392216532E-01    5.3394767115E+04    1.7282978038E+05    1.0259698766E+00
    5.8422566480E+01   -1.2881175950E+01    3.3922039030E+02    2.1923572411E+00    3.3922747475E+02    7.0908868108E-01    4.9058913277E+04    1.6344657232E+05    1.0899794655E+00
    6.0685277420E+01   -1.2925914190E+01    3.4040539109E+02   -6.9518268379E+00    3.4047636948E+02    7.0228410097E-01    4.8421868864E+04    1.6176051876E+05    1.0958689002E+00
    6.3504918180E+01   -1.2981665290E+01    3.3755083889E+02   -7.5143295874E+00    3.3763446800E+02    7.0835247236E-01    4.9022673388E+04    1.6293172390E+05    1.0846983249E+00
    6.7018581810E+01   -1.3051139870E+01    3.4108596961E+02   -7.0993636073E+00    3.4115984469E+02    7.0013930790E-01    4.8237826908E+04    1.6133918817E+05    1.0984802507E+00
    7.1397111430E+01   -1.3137716350E+01    3.4783796124E+02   -6.8649636836E+00    3.4790569844E+02    6.8114013530E-01    4.6426756274E+04    1.5728893825E+05    1.1262416632E+00
    7.6853409680E+01   -1.3245604970E+01    3.5509247166E+02   -6.8435603402E+00    3.5515841219E+02    6.6138494873E-01    4.4559624275E+04    1.5311178193E+05    1.1564170373E+00
    8.3652794060E+01   -1.3380052480E+01    3.6025662339E+02   -6.8997483257E+00    3.6032269041E+02    6.4287868171E-01    4.2830782631E+04    1.4881021091E+05    1.1798155093E+00
    9.2125901690E+01   -1.3547597450E+01    3.6454380748E+02   -6.8746351825E+00    3.6460862329E+02    6.2909830292E-01    4.1546535288E+04    1.4568232884E+05    1.1990982487E+00
    1.0268477089E+02   -1.3756388210E+01    3.6331101834E+02   -6.8943946920E+00    3.6337642841E+02    6.1664340969E-01    4.0393335602E+04    1.4169488574E+05    1.1999272673E+00
    1.1584286401E+02   -1.4016579340E+01    3.6330906063E+02   -6.8943292223E+00    3.6337446982E+02    6.1664599528E-01    4.0393567193E+04    1.4169519655E+05    1.1999198755E+00
   -1.3413917200E+00   -3.1817897940E+01    7.3473589044E+01    0.0000000000E+00    7.3473589044E+01    1.1706768984E+00    9.8163633157E+04    2.4856895541E+05    2.1444229636E-01
    9.1489013400E+00   -2.7997494540E+01    7.3473605228E+01    2.1905391055E+01    7.6669529949E+01    1.1982763883E+00    1.0176212420E+05    2.5792717472E+05    2.2235361866E-01
    1.7743498550E+01   -2.4867483350E+01    9.3288469386E+01    3.1955095052E+01    9.8609667985E+01    1.1660350821E+00    9.7993000723E+04    2.5065168661E+05    2.8748405294E-01
    2.4784987760E+01   -2.2303101760E+01    1.0616836449E+02    3.8045659375E+01    1.1277940333E+02    1.1521016527E+00    9.6419434359E+04    2.4837548801E+05    3.2947986918E-01
    3.0554060080E+01   -2.0202127720E+01    1.2028847160E+02    4.3523114612E+01    1.2792020132E+02    1.1329468067E+00    9.4218735131E+04    2.4481636949E+05    3.7489637525E-01
    3.5280679510E+01   -1.8480811930E+01    1.3413042538E+02    4.8647777493E+01    1.4267998201E+02    1.1136358095E+00    9.2012536709E+04    2.4136680529E+05    4.1951463863E-01
    3.9153247660E+01   -1.7070540360E+01    1.4882787742E+02    5.3820658880E+01    1.5826054600E+02    1.0908701496E+00    8.9414692035E+04    2.3719791537E+05    4.6718697716E-01
    4.2326113370E+01   -1.5915099610E+01    1.6456185072E+02    5.8925226998E+01    1.7479354991E+02    1.0649925325E+00    8.6486354326E+04    2.3248512980E+05    5.1839507963E-01
    4.4925726290E+01   -1.4968436220E+01    1.8233363779E+02    6.3931174856E+01    1.9321684861E+02    1.0334167211E+00    8.2939886897E+04    2.2663986159E+05    5.7641729012E-01
    4.7055679380E+01   -1.4192820810E+01    2.0423451080E+02    6.7268472748E+01    2.1502740018E+02    9.9312649272E-01    7.8482303939E+04    2.1916524683E+05    6.4646675809E-01
    4.9245912110E+01   -1.3494964160E+01    2.3182937674E+02    6.5473208313E+01    2.4089749049E+02    9.4033655541E-01    7.2731558886E+04    2.0911351508E+05    7.3206302104E-01
    5.1486408710E+01   -1.2955334700E+01    2.6159377364E+02    5.7180697668E+01    2.6777030193E+02    8.8064194141E-01    6.6379012017E+04    1.9751895516E+05    8.2429502949E-01
    5.3764019790E+01   -1.2577563400E+01    2.9028956202E+02    4.4047291433E+01    2.9361231871E+02    8.1902407064E-01    6.0006389902E+04    1.8531926762E+05    9.1676882790E-01
    5.6065340850E+01   -1.2364190610E+01    3.1733777621E+02    2.6045983718E+01    3.1840486409E+02    7.5802666262E-01    5.3868712174E+04    1.7309678017E+05    1.0094611747E+00
    5.8376803500E+01   -1.2316649350E+01    3.3492260445E+02    7.1233912543E+00    3.3499834877E+02    7.1194160630E-01    4.9396050580E+04    1.6343855601E+05    1.0748669818E+00
    6.0645767600E+01   -1.2359460680E+01    3.3753660314E+02   -4.5141428489E+00    3.3756678738E+02    7.0260977162E-01    4.8506255896E+04    1.6129730080E+05    1.0858101791E+00
    6.3472260180E+01   -1.2412793280E+01    3.3589261292E+02   -6.9542300064E+00    3.3596459445E+02    7.0767394760E-01    4.8987241555E+04    1.6240646465E+05    1.0792066312E+00
    6.6993298720E+01   -1.2479232650E+01    3.4018505899E+02   -6.8607424416E+00    3.4025423457E+02    6.9971432716E-01    4.8207865231E+04    1.6102365694E+05    1.0955720753E+00
    7.1379579410E+01   -1.2562000360E+01    3.4754165032E+02   -6.6098095004E+00    3.4760449981E+02    6.8102887379E-01    4.6413118956E+04    1.5717677825E+05    1.1253400041E+00
    7.6843756600E+01   -1.2665109890E+01    3.5530285963E+02   -6.5511857193E+00    3.5536325091E+02    6.6144545288E-01    4.4554531262E+04    1.5315099948E+05    1.1572030629E+00
    8.3650757510E+01   -1.2793561370E+01    3.6097945491E+02   -6.5859007762E+00    3.6103952825E+02    6.4300766463E-01    4.2828185230E+04    1.4897834003E+05    1.1823171082E+00
    9.2130632620E+01   -1.2953584120E+01    3.6576947913E+02   -6.4881186886E+00    3.6582701861E+02    6.2921512842E-01    4.1543893570E+04    1.4596347785E+05    1.2032551782E+00
    1.0269456436E+02   -1.3152938790E+01    3.6552034722E+02   -6.5103712266E+00    3.6557832152E+02    6.1674942919E-01    4.0392491416E+04    1.4219474104E+05    1.2073146599E+00
    1.1585479368E+02   -1.3401293890E+01    3.6551861911E+02   -6.5102993194E+00    3.6557659240E+02    6.1675200261E-01    4.0392723021E+04    1.4219510215E+05    1.2073080071E+00
   -1.9484990300E+00   -3.0101349610E+01    7.6097344505E+01    0.0000000000E+00    7.6097344505E+01    1.1687211266E+00    9.7934116279E+04    2.4821920926E+05    2.2217435448E-01
    8.6264727800E+00   -2.6485958430E+01    7.6097357497E+01    2.0398505826E+01    7.8783925124E+01    1.1924314032E+00    1.0101546273E+05    2.5623931215E+05    2.2876857658E-01
    1.7292317850E+01   -2.3523274230E+01    9.4095741661E+01    2.9625297147E+01    9.8649210995E+01    1.1651800940E+00    9.7852023241E+04    2.5029963034E+05    2.8770090074E-01
    2.4393725320E+01   -2.1095457340E+01    1.0693366258E+02    3.5718573656E+01    1.1274140631E+02    1.1516185243E+00    9.6325733927E+04    2.4813323025E+05    3.2945991926E-01
    3.0213167820E+01   -1.9105937190E+01    1.2109956410E+02    4.1025857375E+01    1.2786017910E+02    1.1326567876E+00    9.4151987101E+04    2.4463843198E+05    3.7480528955E-01
    3.4982117740E+01   -1.7475577610E+01    1.3507468731E+02    4.5945020302E+01    1.4267486128E+02    1.1132786111E+00    9.1941724144E+04    2.4118532466E+05    4.1959378995E-01
    3.8890251290E+01   -1.6139530400E+01    1.4991624790E+02    5.0804970960E+01    1.5829095507E+02    1.0904178927E+00    8.9336429767E+04    2.3700184420E+05    4.6738446171E-01
    4.2092992540E+01   -1.5044656460E+01    1.6573645693E+02    5.5455240640E+01    1.7476800872E+02    1.0645365822E+00    8.6410370983E+04    2.3228345396E+05    5.1843615433E-01
    4.4717696890E+01   -1.4147412240E+01    1.8319147667E+02    5.9670269347E+01    1.9266462614E+02    1.0337309094E+00    8.2950056790E+04    2.2656101097E+05    5.7482198954E-01
    4.6868719460E+01   -1.3412117490E+01    2.0348874292E+02    6.1927795532E+01    2.1270336235E+02    9.9698787351E-01    7.8877585661E+04    2.1974718593E+05    6.3911420574E-01
    4.9089521780E+01   -1.2750664590E+01    2.2864853242E+02    5.9509002407E+01    2.3626568254E+02    9.5050433723E-01    7.3796117844E+04    2.1101957059E+05    7.1663319468E-01
    5.1357759230E+01   -1.2238528860E+01    2.5647713571E+02    5.1517041312E+01    2.6159993633E+02    8.9670468963E-01    6.8027688594E+04    2.0075200199E+05    8.0270409612E-01
    5.3661025250E+01   -1.1879150670E+01    2.8395552621E+02    3.9308635544E+01    2.8666340836E+02    8.3966703757E-01    6.2063763800E+04    1.8965961083E+05    8.9113343794E-01
    5.5986671240E+01   -1.1674943080E+01    3.1055393148E+02    2.2753745857E+01    3.1138637945E+02    7.8128108302E-01    5.6113583305E+04    1.7816104226E+05    9.8198588915E-01
    5.8321892460E+01   -1.1627276230E+01    3.3033633999E+02    5.2391543733E+00    3.3037788403E+02    7.3180186425E-01    5.1238485800E+04    1.6803413521E+05    1.0552261904E+00
    6.0598429660E+01   -1.1667725950E+01    3.3703930707E+02   -5.9019820901E+00    3.3709097867E+02    7.1175160328E-01    4.9307798242E+04    1.6370777964E+05    1.0824043627E+00
    6.3433210150E+01   -1.1718096700E+01    3.3726715868E+02   -7.8474994052E+00    3.3735844375E+02    7.0996314930E-01    4.9142320550E+04    1.6325650982E+05    1.0837213770E+00
    6.6963154880E+01   -1.1780821780E+01    3.4145522433E+02   -6.9859804107E+00    3.4152668145E+02    7.0056802839E-01    4.8239651737E+04    1.6145642284E+05    1.0999772303E+00
    7.1358775240E+01   -1.1858931950E+01    3.4848132668E+02   -6.2268211651E+00    3.4853695406E+02    6.8162709325E-01    4.6432064777E+04    1.5748151280E+05    1.1286238864E+00
    7.6832415470E+01   -1.1956201640E+01    3.5604951841E+02   -5.9880053406E+00    3.5609986768E+02    6.6190375542E-01    4.4568608999E+04    1.5338857557E+05    1.1598202234E+00
    8.3648517490E+01   -1.2077331390E+01    3.6178105691E+02   -6.0246270597E+00    3.6183121655E+02    6.4334644620E-01    4.2836333817E+04    1.4920488134E+05    1.1851090662E+00
    9.2136404360E+01   -1.2228175150E+01    3.6676657347E+02   -5.9318767608E+00    3.6681453976E+02    6.2945155160E-01    4.1547398174E+04    1.4621576335E+05    1.2066790207E+00
    1.0270619947E+02   -1.2416023240E+01    3.6728294240E+02   -6.0184991047E+00    3.6733225030E+02    6.1695100866E-01    4.0396656949E+04    1.4261516208E+05    1.2132426463E+00
    1.1586863495E+02   -1.2649954860E+01    3.6728140885E+02   -6.0184232397E+00    3.6733071571E+02    6.1695357371E-01    4.0396888759E+04    1.4261556688E+05    1.2132366189E+00
   -2.6440171400E+00   -2.7989633500E+01    7.9406010077E+01    0.0000000000E+00    7.9406010077E+01    1.1661599671E+00    9.7633787253E+04    2.4776097077E+05    2.3193610142E-01
    8.0301409900E+00   -2.4626487800E+01    7.9406020848E+01    1.7781543693E+01    8.1372596389E+01    1.1894070443E+00    1.0060330208E+05    2.5544608423E+05    2.3646849694E-01
    1.6779571680E+01   -2.1869785270E+01    9.5600537149E+01    2.6775715212E+01    9.9279411906E+01    1.1650589719E+00    9.7791592081E+04    2.5022062478E+05    2.8961321453E-01
    2.3951377310E+01   -1.9610166800E+01    1.0814355380E+02    3.2875440982E+01    1.1303018556E+02    1.1515687040E+00    9.6276490996E+04    2.4804734637E+05    3.3038112143E-01
    2.9830081800E+01   -1.7757988250E+01    1.2220861977E+02    3.7945879112E+01    1.2796420002E+02    1.1327911480E+00    9.4128288813E+04    2.4459535694E+05    3.7517968089E-01
    3.4648898760E+01   -1.6239770220E+01    1.3626000103E+02    4.2560900904E+01    1.4275229654E+02    1.1133930182E+00    9.1918714941E+04    2.4114127027E+05    4.1989563563E-01
    3.8598979480E+01   -1.4995284460E+01    1.5121043142E+02    4.6985851193E+01    1.5834223941E+02    1.0905422622E+00    8.9316870318E+04    2.3696335797E+05    4.6761374343E-01
    4.1836995390E+01   -1.3975165280E+01    1.6707880571E+02    5.1048876361E+01    1.7470350625E+02    1.0648056250E+00    8.6408655307E+04    2.3227127226E+05    5.1831544268E-01
    4.4491355150E+01   -1.3138951090E+01    1.8431973470E+02    5.4413306484E+01    1.9218369474E+02    1.0346683552E+00    8.3022536533E+04    2.2666385803E+05    5.7339658878E-01
    4.6667302190E+01   -1.2453478970E+01    2.0358102654E+02    5.6091957641E+01    2.1116709517E+02    9.9974925477E-01    7.9151187593E+04    2.2016814947E+05    6.3427713340E-01
    4.8920542700E+01   -1.1837506060E+01    2.2689700793E+02    5.4431748007E+01    2.3333466824E+02    9.5565985699E-01    7.4334159486E+04    2.1185088138E+05    7.0708676166E-01
    5.1217767060E+01   -1.1359980810E+01    2.5280991848E+02    4.8353899938E+01    2.5739260775E+02    9.0378255369E-01    6.8774293825E+04    2.0187396299E+05    7.8858944339E-01
    5.3547474250E+01   -1.1024107310E+01    2.7880911315E+02    3.8575162112E+01    2.8146503283E+02    8.4833757541E-01    6.2969529211E+04    1.9102756226E+05    8.7313130538E-01
    5.5897937520E+01   -1.0832139080E+01    3.0442539320E+02    2.4802644677E+01    3.0543410289E+02    7.9081930718E-01    5.7101050155E+04    1.7964038849E+05    9.6066085036E-01
    5.8257283820E+01   -1.0785364750E+01    3.2487284898E+02    9.3593775812E+00    3.2500763984E+02    7.4009139993E-01    5.2072724186E+04    1.6926972515E+05    1.0355404829E+00
    6.0542934920E+01   -1.0822920750E+01    3.3376567975E+02   -2.9389549317E+00    3.3377861890E+02    7.1509751425E-01    4.9652425005E+04    1.6396491395E+05    1.0705498565E+00
    6.3387668370E+01   -1.0869665670E+01    3.3578056483E+02   -6.8888951812E+00    3.3585122390E+02    7.0959022098E-01    4.9114879855E+04    1.6280668474E+05    1.0788974964E+00
    6.6928278510E+01   -1.0927847880E+01    3.4062619766E+02   -6.5445191589E+00    3.4068906243E+02    6.9975346533E-01    4.8158776688E+04    1.6100679724E+05    1.0975617890E+00
    7.1335040140E+01   -1.1000266600E+01    3.4796931582E+02   -5.7644268720E+00    3.4801705902E+02    6.8128036992E-01    4.6388834593E+04    1.5722901999E+05    1.1271785653E+00
    7.6819904930E+01   -1.1090406260E+01    3.5581487769E+02   -5.5030738688E+00    3.5585743073E+02    6.6190009583E-01    4.4553949618E+04    1.5329457153E+05    1.1592180592E+00
    8.3646704750E+01   -1.1202604360E+01    3.6189671062E+02   -5.5564311111E+00    3.6193936382E+02    6.4346731455E-01    4.2831174243E+04    1.4922507788E+05    1.1856460426E+00
    9.2143852340E+01   -1.1342260220E+01    3.6720350183E+02   -5.4360252170E+00    3.6724373667E+02    6.2957726629E-01    4.1543020515E+04    1.4631245274E+05    1.2082752052E+00
    1.0272015028E+02   -1.1516094970E+01    3.6840697157E+02   -5.5099531481E+00    3.6844817313E+02    6.1711372969E-01    4.0396824418E+04    1.4287990704E+05    1.2170863192E+00
    1.1588445383E+02   -1.1732475150E+01    3.6840558380E+02   -5.5098744695E+00    3.6844678434E+02    6.1711628896E-01    4.0397056367E+04    1.4288034485E+05    1.2170807613E+00
   -3.4244493700E+00   -2.5389355320E+01    8.2707812724E+01    0.0000000000E+00    8.2707812724E+01    1.1634990478E+00    9.7322039442E+04    2.4728460409E+05    2.4169069655E-01
    7.3651011700E+00   -2.2336822080E+01    8.2707821846E+01    1.5581037883E+01    8.4162655234E+01    1.1835570341E+00    9.9864133745E+04    2.5385211022E+05    2.4487544404E-01
    1.6211961590E+01   -1.9833918240E+01    9.7035004173E+01    2.3721853002E+01    9.9892533979E+01    1.1635858070E+00    9.7577522007E+04    2.4974923618E+05    2.9153676296E-01
    2.3465973270E+01   -1.7781671750E+01    1.0937237784E+02    2.9532387905E+01    1.1328935947E+02    1.1505932474E+00    9.6122877064E+04    2.4769082508E+05    3.3126277325E-01
    2.9413995930E+01   -1.6098927260E+01    1.2336577243E+02    3.4242380475E+01    1.2802989662E+02    1.1322110084E+00    9.4025012795E+04    2.4434193778E+05    3.7548220793E-01
    3.4291232380E+01   -1.4719142240E+01    1.3751851990E+02    3.8477606158E+01    1.4280010326E+02    1.1128114192E+00    9.1818742475E+04    2.4089300880E+05    4.2015508127E-01
    3.8290524370E+01   -1.3587757280E+01    1.5255926240E+02    4.2413757989E+01    1.5834536751E+02    1.0899659387E+00    8.9220692974E+04    2.3671622962E+05    4.6775130918E-01
    4.1569977270E+01   -1.2660039290E+01    1.6838423067E+02    4.5864813535E+01    1.7451885359E+02    1.0644379183E+00    8.6338502973E+04    2.3205595993E+05    5.1788847334E-01
    4.4259214110E+01   -1.1899312610E+01    1.8518391888E+02    4.8432075442E+01    1.9141251198E+02    1.0352739077E+00    8.3061627613E+04    2.2661963984E+05    5.7112835286E-01
    4.6464505540E+01   -1.1275508220E+01    2.0300060847E+02    4.9365785270E+01    2.0891679635E+02    1.0032106722E+00    7.9503611264E+04    2.2065220892E+05    6.2720856955E-01
    4.8749833090E+01   -1.0716465510E+01    2.2411092078E+02    4.7523699482E+01    2.2909431862E+02    9.6409644680E-01    7.5218554752E+04    2.1334630554E+05    6.9318323431E-01
    5.1074933610E+01   -1.0282610490E+01    2.4787497248E+02    4.2039657418E+01    2.5141466699E+02    9.1753427431E-01    7.0202881962E+04    2.0450557046E+05    7.6817517778E-01
    5.3429410000E+01   -9.9768544500E+00    2.7227412300E+02    3.3504365187E+01    2.7432779761E+02    8.6685105121E-01    6.4849129907E+04    1.9474058367E+05    8.4766833924E-01
    5.5802659770E+01   -9.8012510800E+00    2.9675016419E+02    2.1581567350E+01    2.9753390394E+02    8.1291161282E-01    5.9290598854E+04    1.8420857619E+05    9.3111042300E-01
    5.8183946580E+01   -9.7569836600E+00    3.1806388619E+02    8.1110501900E+00    3.1816729064E+02    7.6195032921E-01    5.4169930060E+04    1.7399110291E+05    1.0084995412E+00
    6.0480449870E+01   -9.7909973100E+00    3.3076196497E+02   -3.4929814578E+00    3.3078040811E+02    7.2829896069E-01    5.0876655223E+04    1.6703530048E+05    1.0577214947E+00
    6.3336991030E+01   -9.8333085300E+00    3.3590660259E+02   -7.5613680905E+00    3.3599169625E+02    7.1358684935E-01    4.9451801564E+04    1.6390806345E+05    1.0786905808E+00
    6.6890192450E+01   -9.8859417600E+00    3.4144204382E+02   -6.7143737441E+00    3.4150805570E+02    7.0056213325E-01    4.8196981625E+04    1.6134494747E+05    1.1003993970E+00
    7.1310018090E+01   -9.9514159200E+00    3.4857944141E+02   -5.3560308393E+00    3.4862058752E+02    6.8168521671E-01    4.6395955891E+04    1.5741464401E+05    1.1293820660E+00
    7.6807912830E+01   -1.0032864870E+01    3.5618851728E+02   -4.8445534173E+00    3.5622146137E+02    6.6232637199E-01    4.4568400144E+04    1.5344353212E+05    1.1605893064E+00
    8.3646928990E+01   -1.0134187500E+01    3.6223954793E+02   -4.8758954083E+00    3.6227236224E+02    6.4382598985E-01    4.2842761191E+04    1.4935517147E+05    1.1869070533E+00
    9.2154324430E+01   -1.0260234460E+01    3.6760213329E+02   -4.7747350407E+00    3.6763314118E+02    6.2982472929E-01    4.1547180395E+04    1.4642965655E+05    1.2097335177E+00
    1.0273723471E+02   -1.0417040520E+01    3.6919619298E+02   -4.8777803715E+00    3.6922841393E+02    6.1734899102E-01    4.0402222078E+04    1.4308703238E+05    1.2198146431E+00
    1.1590215597E+02   -1.0612113640E+01    3.6919490870E+02   -4.8777023812E+00    3.6922712873E+02    6.1735154887E-01    4.0402454328E+04    1.4308749441E+05    1.2198094182E+00
   -4.2738442500E+00   -2.2184900350E+01    8.6226238364E+01    0.0000000000E+00    8.6226238364E+01    1.1605485337E+00    9.6976696601E+04    2.4675605989E+05    2.5210031188E-01
    6.6478971600E+00   -1.9515423210E+01    8.6226246408E+01    1.2722474297E+01    8.7159778119E+01    1.1790820984E+00    9.9293608160E+04    2.5271266172E+05    2.5384199642E-01
    1.5606661130E+01   -1.7325743600E+01    9.8874351740E+01    2.0060710203E+01    1.0088889694E+02    1.1624684998E+00    9.7406891593E+04    2.4943336220E+05    2.9456090828E-01
    2.2955320460E+01   -1.5529615580E+01    1.1090423467E+02    2.5454390454E+01    1.1378785200E+02    1.1498067559E+00    9.5992557210E+04    2.4742505527E+05    3.3283234799E-01
    2.8983332170E+01   -1.4056291840E+01    1.2473965461E+02    2.9705962000E+01    1.2822802194E+02    1.1318062235E+00    9.3943391377E+04    2.4416329826E+05    3.7615933736E-01
    3.3928121050E+01   -1.2847741360E+01    1.3895270147E+02    3.3448245435E+01    1.4292179109E+02    1.1124191049E+00    9.1741834305E+04    2.4071607715E+05    4.2061517980E-01
    3.7984425620E+01   -1.1856365270E+01    1.5404185420E+02    3.6789510890E+01    1.5837411707E+02    1.0896291447E+00    8.9152963018E+04    2.3654764330E+05    4.6794159770E-01
    4.1311967090E+01   -1.1043122710E+01    1.6978349960E+02    3.9562479354E+01    1.7433194345E+02    1.0643730064E+00    8.6303306165E+04    2.3193227885E+05    5.1742351648E-01
    4.4041742670E+01   -1.0375992950E+01    1.8614656507E+02    4.1385093275E+01    1.9069155627E+02    1.0360580714E+00    8.3122263253E+04    2.2664288764E+05    5.6898499649E-01
    4.6281190000E+01   -9.8287136300E+00    2.0288265273E+02    4.1852523512E+01    2.0715454256E+02    1.0059102024E+00    7.9775995416E+04    2.2102330306E+05    6.2169007458E-01
    4.8595101130E+01   -9.3407358100E+00    2.2231926262E+02    4.0457276321E+01    2.2597045324E+02    9.6948234148E-01    7.5783492897E+04    2.1421089892E+05    6.8307797344E-01
    5.0943648260E+01   -8.9617716300E+00    2.4423749208E+02    3.6421530844E+01    2.4693821179E+02    9.2565426004E-01    7.1056870301E+04    2.0586467085E+05    7.5326128291E-01
    5.3317779820E+01   -8.6943694800E+00    2.6702212074E+02    3.0056319387E+01    2.6870838338E+02    8.7749530371E-01    6.5955361969E+04    1.9656782607E+05    8.2835127420E-01
    5.5708264180E+01   -8.5403327900E+00    2.9023336685E+02    2.0884151526E+01    2.9098377106E+02    8.2558950153E-01    6.0586775457E+04    1.8641891210E+05    9.0781616418E-01
    5.8105751720E+01   -8.5007089600E+00    3.1150030143E+02    1.0298434989E+01    3.1167049196E+02    7.7485786966E-01    5.5456380600E+04    1.7627521536E+05    9.8461609789E-01
    6.0414966400E+01   -8.5303856400E+00    3.2651282557E+02   -4.3321859857E-01    3.2651311297E+02    7.3626757958E-01    5.1653189862E+04    1.6838001725E+05    1.0418516287E+00
    6.3285253050E+01   -8.5672758700E+00    3.3439295843E+02   -5.9492168615E+00    3.3444587579E+02    7.1474148640E-01    4.9558316325E+04    1.6386915359E+05    1.0734406828E+00
    6.6852991140E+01   -8.6131333500E+00    3.4100032362E+02   -5.9247721681E+00    3.4105179025E+02    6.9923416370E-01    4.8058842139E+04    1.6081327899E+05    1.0994639240E+00
    7.1287723850E+01   -8.6701386800E+00    3.4824961181E+02   -4.6342411836E+00    3.4828044492E+02    6.8076681732E-01    4.6294642461E+04    1.5702486457E+05    1.1287529412E+00
    7.6800225540E+01   -8.7410029000E+00    3.5588360777E+02   -4.1179815553E+00    3.5590743185E+02    6.6211530630E-01    4.4532916755E+04    1.5326739793E+05    1.1598432046E+00
    8.3652531920E+01   -8.8290965700E+00    3.6211736199E+02   -4.1938234431E+00    3.6214164634E+02    6.4389461559E-01    4.2833023209E+04    1.4930484381E+05    1.1866768940E+00
    9.2170409630E+01   -8.9386101600E+00    3.6766855219E+02   -4.1143152129E+00    3.6769157165E+02    6.2991749094E-01    4.1540264202E+04    1.4643216695E+05    1.2101156114E+00
    1.0275885745E+02   -9.0747535200E+00    3.6962619809E+02   -4.1961854233E+00    3.6965001594E+02    6.1751262499E-01    4.0402770603E+04    1.4319573927E+05    1.2213610281E+00
    1.1592136501E+02   -9.2440038400E+00    3.6962498670E+02   -4.1961110624E+00    3.6964880379E+02    6.1751518329E-01    4.0403003110E+04    1.4319621863E+05    1.2213560387E+00
   -5.1551058600E+00   -1.8233912820E+01    8.9581235970E+01    0.0000000000E+00    8.9581235970E+01    1.1576250396E+00    9.6634862511E+04    2.4623200974E+05    2.6204149702E-01
    5.9120680500E+00   -1.6037859170E+01    8.9581243254E+01    9.9388934178E+00    9.0130908934E+01    1.1736061628E+00    9.8614747489E+04    2.5130381093E+05    2.6278464811E-01
    1.4994471660E+01   -1.4235646750E+01    1.0069631957E+02    1.6044298447E+01    1.0196650572E+02    1.1602432879E+00    9.7113688259E+04    2.4881584301E+05    2.9787072813E-01
    2.2448120690E+01   -1.2756632780E+01    1.1241923753E+02    2.0654179999E+01    1.1430083166E+02    1.1481037435E+00    9.5762929368E+04    2.4690712750E+05    3.3448544759E-01
    2.8565187600E+01   -1.1542842250E+01    1.2609403409E+02    2.4238126609E+01    1.2840246187E+02    1.1305961050E+00    9.3776641900E+04    2.4376178240E+05    3.7680420162E-01
    3.3585439280E+01   -1.0546698350E+01    1.4036214843E+02    2.7341264629E+01    1.4300027085E+02    1.1112467406E+00    9.1583975357E+04    2.4032192373E+05    4.2098667210E-01
    3.7705629010E+01   -9.7291588800E+00    1.5546332372E+02    3.0005689548E+01    1.5833251854E+02    1.0885344586E+00    8.9008145137E+04    2.3616469948E+05    4.6796386321E-01
    4.1087207090E+01   -9.0581864300E+00    1.7104823894E+02    3.2088880850E+01    1.7403217036E+02    1.0636092259E+00    8.6198701331E+04    2.3160362404E+05    5.1666162430E-01
    4.3862651590E+01   -8.5074922600E+00    1.8687883493E+02    3.3263580880E+01    1.8981613408E+02    1.0362646347E+00    8.3128412074E+04    2.2648942295E+05    5.6640842204E-01
    4.6140666000E+01   -8.0555052300E+00    2.0250105474E+02    3.3349887221E+01    2.0522887747E+02    1.0081894857E+00    8.0010849336E+04    2.2125903545E+05    6.1570275028E-01
    4.8476822510E+01   -7.6555073200E+00    2.2022549215E+02    3.2076818877E+01    2.2254929724E+02    9.7516196636E-01    7.6385991356E+04    2.1511398182E+05    6.7203783942E-01
    5.0841350160E+01   -7.3448003800E+00    2.4025615948E+02    2.8822167056E+01    2.4197879966E+02    9.3554408372E-01    7.2098049700E+04    2.0763492653E+05    7.3668812632E-01
    5.3226837000E+01   -7.1254835900E+00    2.6131319315E+02    2.3863508434E+01    2.6240055631E+02    8.9163697216E-01    6.7420674562E+04    1.9924809561E+05    8.0648857814E-01
    5.5625722490E+01   -6.9990475800E+00    2.8315880299E+02    1.6767354731E+01    2.8365481116E+02    8.4359326701E-01    6.2411204198E+04    1.8996578952E+05    8.8137637996E-01
    5.8030348200E+01   -6.9663654600E+00    3.0393585593E+02    8.6166155357E+00    3.0405797241E+02    7.9504195678E-01    5.7453234531E+04    1.8038439791E+05    9.5593895458E-01
    6.0354140500E+01   -6.9907111600E+00    3.2132524513E+02   -2.8865029912E-01    3.2132537477E+02    7.5232031657E-01    5.3197306251E+04    1.7183180064E+05    1.0212629563E+00
    6.3240039320E+01   -7.0209487600E+00    3.3294647278E+02   -5.6996836919E+00    3.3299525541E+02    7.2136138169E-01    5.0172126433E+04    1.6542469750E+05    1.0671346409E+00
    6.6824071790E+01   -7.0585044400E+00    3.4136504990E+02   -5.7147578121E+00    3.4141288164E+02    7.0017485729E-01    4.8127025490E+04    1.6112471916E+05    1.1005876388E+00
    7.1275197690E+01   -7.1051500400E+00    3.4870810455E+02   -4.0822928784E+00    3.4873199924E+02    6.8068062965E-01    4.6268442100E+04    1.5706125478E+05    1.1304647879E+00
    7.6803285570E+01   -7.1630865600E+00    3.5607323596E+02   -3.3189344491E+00    3.5608870341E+02    6.6233371605E-01    4.4537719360E+04    1.5333597937E+05    1.1605627388E+00
    8.3669020900E+01   -7.2350480800E+00    3.6223337746E+02   -3.3347166358E+00    3.6224872682E+02    6.4420702766E-01    4.2847853653E+04    1.4938739075E+05    1.1871102176E+00
    9.2196213100E+01   -7.3244309200E+00    3.6780262850E+02   -3.2810900099E+00    3.6781726317E+02    6.3011774307E-01    4.1545775074E+04    1.4648860720E+05    1.2106413752E+00
    1.0278708136E+02   -7.4354539500E+00    3.6994302956E+02   -3.3644711651E+00    3.6995832845E+02    6.1771217103E-01    4.0409144011E+04    1.4329573449E+05    1.2224807933E+00
    1.1594123145E+02   -7.5733578700E+00    3.6994186889E+02   -3.3644056120E+00    3.6995716722E+02    6.1771473202E-01    4.0409376870E+04    1.4329622653E+05    1.2224759680E+00
   -5.9964345900E+00   -1.3362947100E+01    9.2538339145E+01    0.0000000000E+00    9.2538339145E+01    1.1549596125E+00    9.6323504075E+04    2.4575391854E+05    2.7081639033E-01
    5.2161465600E+00   -1.1752812630E+01    9.2538345922E+01    6.8237358115E+00    9.2789594440E+01    1.1692179386E+00    9.8072979312E+04    2.5021587821E+05    2.7077484085E-01
    1.4423253910E+01   -1.0430663410E+01    1.0247286336E+02    1.1391045527E+01    1.0310404281E+02    1.1582758474E+00    9.6857326610E+04    2.4829980959E+05    3.0133629084E-01
    2.1983651180E+01   -9.3449799500E+00    1.1389745556E+02    1.4914719684E+01    1.1486983610E+02    1.1465632789E+00    9.5559055136E+04    2.4646213450E+05    3.3628312482E-01
    2.8191934920E+01   -8.4534576600E+00    1.2740013555E+02    1.7627285212E+01    1.2861382400E+02    1.1294798412E+00    9.3627731078E+04    2.4341098197E+05    3.7753796079E-01
    3.3290003650E+01   -7.7213597500E+00    1.4169179635E+02    1.9924980785E+01    1.4308588334E+02    1.1101583688E+00    9.1442985627E+04    2.3997191661E+05    4.2135683289E-01
    3.7476477340E+01   -7.1201645300E+00    1.5676446909E+02    2.1815788138E+01    1.5827516350E+02    1.0875297813E+00    8.8880925194E+04    2.3582418215E+05    4.6791293279E-01
    4.0914434980E+01   -6.6264542400E+00    1.7217163166E+02    2.3202851314E+01    1.7372807216E+02    1.0629207476E+00    8.6109941208E+04    2.3131509403E+05    5.1585753475E-01
    4.3737770880E+01   -6.2210022000E+00    1.8751573603E+02    2.3866609843E+01    1.8902848020E+02    1.0363539379E+00    8.3129197775E+04    2.2633837281E+05    5.6407971341E-01
    4.6056416230E+01   -5.8880229900E+00    2.0231499893E+02    2.3775517958E+01    2.0370722630E+02    1.0097199809E+00    8.0171361612E+04    2.2137839430E+05    6.1098881925E-01
    4.8408137220E+01   -5.5958914200E+00    2.1880576016E+02    2.2878438828E+01    2.1999859919E+02    9.7876319897E-01    7.6772903315E+04    2.1561802607E+05    6.6388175170E-01
    5.0780590450E+01   -5.3690054800E+00    2.3743745950E+02    2.0756125793E+01    2.3834295445E+02    9.4165740304E-01    7.2749685088E+04    2.0862075012E+05    7.2471826057E-01
    5.3168361700E+01   -5.2089091700E+00    2.5708524023E+02    1.7604905687E+01    2.5768731720E+02    9.0026425604E-01    6.8330186300E+04    2.0071547847E+05    7.9051065406E-01
    5.5565927200E+01   -5.1167032100E+00    2.7779687601E+02    1.3008723746E+01    2.7810129668E+02    8.5460082921E-01    6.3547147773E+04    1.9191542503E+05    8.6193123594E-01
    5.7967690580E+01   -5.0930386100E+00    2.9788233098E+02    7.7132158259E+00    2.9798217532E+02    8.0757694739E-01    5.8720721467E+04    1.8265554576E+05    9.3394764997E-01
    6.0307875150E+01   -5.1107941200E+00    3.1653056709E+02    1.4408049348E+00    3.1653384624E+02    7.6272945711E-01    5.4221982665E+04    1.7376529064E+05    1.0033528762E+00
    6.3211094320E+01   -5.1328239300E+00    3.3105677447E+02   -3.4580675596E+00    3.3107483467E+02    7.2488256629E-01    5.0507897156E+04    1.6599712988E+05    1.0600255584E+00
    6.6812864390E+01   -5.1601571200E+00    3.4123628186E+02   -4.1841911070E+00    3.4126193387E+02    6.9880316655E-01    4.7988211975E+04    1.6066173613E+05    1.1006113256E+00
    7.1281332250E+01   -5.1940709200E+00    3.4873278027E+02   -2.9722634735E+00    3.4874544640E+02    6.7891820666E-01    4.6092922403E+04    1.5651847169E+05    1.1311915008E+00
    7.6825135030E+01   -5.2361502200E+00    3.5587754420E+02   -2.3283158388E+00    3.5588516058E+02    6.6164854880E-01    4.4464507118E+04    1.5306156733E+05    1.1602532738E+00
    8.3703152770E+01   -5.2883617100E+00    3.6205990844E+02   -2.3825632264E+00    3.6206774768E+02    6.4409196254E-01    4.2828164215E+04    1.4928840172E+05    1.1866838524E+00
    9.2236609220E+01   -5.3531458500E+00    3.6774266189E+02   -2.3739063158E+00    3.6775032400E+02    6.3009659337E-01    4.1535219236E+04    1.4644527450E+05    1.2105545333E+00
    1.0282408490E+02   -5.4335309500E+00    3.7008604739E+02   -2.4328363399E+00    3.7009404368E+02    6.1779675546E-01    4.0408640664E+04    1.4333128926E+05    1.2230205904E+00
    1.1596013811E+02   -5.5332747900E+00    3.7008492214E+02   -2.4327849236E+00    3.7009291811E+02    6.1779931931E-01    4.0408873820E+04    1.4333179038E+05    1.2230158802E+00
   -6.6704928300E+00   -7.3647144600E+00    9.4706613268E+01    0.0000000000E+00    9.4706613268E+01    1.1529526417E+00    9.6089251948E+04    2.4539374349E+05    2.7725833874E-01
    4.6581115200E+00   -6.4783326400E+00    9.4706619735E+01    3.5324261184E+00    9.4772474147E+01    1.1654428099E+00    9.7614133748E+04    2.4926923422E+05    2.7676255538E-01
    1.3967113450E+01   -5.7499635300E+00    1.0383491301E+02    6.0669758308E+00    1.0401200582E+02    1.1558765118E+00    9.6561464874E+04    2.4765608568E+05    3.0413979602E-01
    2.1616603960E+01   -5.1514304700E+00    1.1500299013E+02    8.0575242530E+00    1.1528491417E+02    1.1444449131E+00    9.5299990158E+04    2.4585516172E+05    3.3764434579E-01
    2.7902475700E+01   -4.6595809700E+00    1.2835097438E+02    9.5924208329E+00    1.2870892417E+02    1.1276995043E+00    9.3414377945E+04    2.4287667262E+05    3.7795010827E-01
    3.3067867310E+01   -4.2553912100E+00    1.4263167413E+02    1.0873938165E+01    1.4304557664E+02    1.1084333829E+00    9.1241601242E+04    2.3944440555E+05    4.2137499880E-01
    3.7312563820E+01   -3.9232302900E+00    1.5764291071E+02    1.1897355452E+01    1.5809122165E+02    1.0859353003E+00    8.8699395857E+04    2.3531879019E+05    4.6750405501E-01
    4.0800723150E+01   -3.6502555300E+00    1.7286411569E+02    1.2613932401E+01    1.7332372539E+02    1.0616612292E+00    8.5969623998E+04    2.3087080289E+05    5.1477146208E-01
    4.3667227040E+01   -3.4259153100E+00    1.8779928766E+02    1.2914479670E+01    1.8824281190E+02    1.0358097607E+00    8.3071689565E+04    2.2603136784E+05    5.6178205384E-01
    4.6022901230E+01   -3.2415403800E+00    2.0199687908E+02    1.2809723685E+01    2.0240263876E+02    1.0103270857E+00    8.0241648713E+04    2.2129906985E+05    6.0699236538E-01
    4.8386804760E+01   -3.0809501100E+00    2.1756617698E+02    1.2299405592E+01    2.1791355337E+02    9.8111925696E-01    7.7033697077E+04    2.1587911259E+05    6.5726537474E-01
    5.0762120780E+01   -2.9562725900E+00    2.3513282333E+02    1.1149045432E+01    2.3539699620E+02    9.4639192267E-01    7.3260833594E+04    2.0937269832E+05    7.1505011921E-01
    5.3145870510E+01   -2.8683655600E+00    2.5362026899E+02    9.4918019471E+00    2.5379782337E+02    9.0766357561E-01    6.9114312123E+04    2.0201859936E+05    7.7732446060E-01
    5.5535014160E+01   -2.8178438200E+00    2.7337664780E+02    7.1058501868E+00    2.7346898301E+02    8.6480963816E-01    6.4603594848E+04    1.9384650461E+05    8.4562142103E-01
    5.7926471090E+01   -2.8050758000E+00    2.9274749547E+02    4.3582868542E+00    2.9277993573E+02    8.1999094203E-01    5.9977697683E+04    1.8508909320E+05    9.1492801400E-01
    6.0284896260E+01   -2.8146985600E+00    3.1198176848E+02    1.0170239607E+00    3.1198342616E+02    7.7505093232E-01    5.5438543647E+04    1.7631563038E+05    9.8588604727E-01
    6.3207071230E+01   -2.8266229700E+00    3.2902035811E+02   -2.0184498338E+00    3.2902654937E+02    7.3204282050E-01    5.1196868156E+04    1.6761708832E+05    1.0515101530E+00
    6.6827789080E+01   -2.8413995900E+00    3.4127768957E+02   -2.6941298466E+00    3.4128832346E+02    7.0030312469E-01    4.8127307085E+04    1.6110312326E+05    1.1002836596E+00
    7.1314080610E+01   -2.8597108000E+00    3.4921053634E+02   -1.8859224414E+00    3.4921562880E+02    6.7853224136E-01    4.6052634287E+04    1.5650561683E+05    1.1328897815E+00
    7.6872925810E+01   -2.8824023000E+00    3.5610346863E+02   -1.3213876585E+00    3.5610592025E+02    6.6157746464E-01    4.4453929290E+04    1.5308261422E+05    1.1610487375E+00
    8.3760809580E+01   -2.9105221200E+00    3.6215881222E+02   -1.2828824064E+00    3.6216108441E+02    6.4428950504E-01    4.2842292370E+04    1.4935844640E+05    1.1869760121E+00
    9.2295561990E+01   -2.9453690500E+00    3.6782660848E+02   -1.2737425295E+00    3.6782881389E+02    6.3022356663E-01    4.1542590810E+04    1.4649048253E+05    1.2108274541E+00
    1.0287102821E+02   -2.9885526000E+00    3.7023529197E+02   -1.3069548969E+00    3.7023759878E+02    6.1791923602E-01    4.0415445019E+04    1.4338952393E+05    1.2235132524E+00
    1.1597524390E+02   -3.0420673400E+00    3.7023418933E+02   -1.3069251266E+00    3.7023649604E+02    6.1792180249E-01    4.0415678434E+04    1.4339003109E+05    1.2235086159E+00
   -6.9630203200E+00    0.0000000000E+00    9.5531364124E+01    0.0000000000E+00    9.5531364124E+01    1.1521776047E+00    9.5998833830E+04    2.4525461013E+05    2.7971045352E-01
    4.4008166800E+00    0.0000000000E+00    9.5531370480E+01   -2.5346453953E-14    9.5531370480E+01    1.1639776205E+00    9.7436944446E+04    2.4890373227E+05    2.7905671486E-01
    1.3746858780E+01    0.0000000000E+00    1.0438652475E+02    3.5739943889E-14    1.0438652475E+02    1.1547738549E+00    9.6427683949E+04    2.4736073340E+05    3.0530085796E-01
    2.1433400420E+01    0.0000000000E+00    1.1545700759E+02    9.8235612381E-15    1.1545700759E+02    1.1433608687E+00    9.5170697187E+04    2.4554742644E+05    3.3821768787E-01
    2.7755105560E+01    0.0000000000E+00    1.2874167093E+02   -1.4312669094E-15    1.2874167093E+02    1.1266787852E+00    9.3295881259E+04    2.4257672562E+05    3.7811503488E-01
    3.2954317080E+01    0.0000000000E+00    1.4300904038E+02    3.2049331715E-14    1.4300904038E+02    1.1073905593E+00    9.1123731992E+04    2.3913327641E+05    4.2134140000E-01
    3.7230347020E+01    0.0000000000E+00    1.5798328641E+02   -1.8044692097E-14    1.5798328641E+02    1.0849244309E+00    8.8588062872E+04    2.3500931907E+05    4.6726071366E-01
    4.0747117210E+01    0.0000000000E+00    1.7311831838E+02   -4.7111835132E-14    1.7311831838E+02    1.0607795024E+00    8.5875015518E+04    2.3058329426E+05    5.1423087940E-01
    4.3639443200E+01    0.0000000000E+00    1.8788944822E+02   -1.3093822010E-14    1.8788944822E+02    1.0352048616E+00    8.3009786975E+04    2.2579709865E+05    5.6077271571E-01
    4.6018202460E+01    0.0000000000E+00    2.0187080201E+02   -3.3106676613E-14    2.0187080201E+02    1.0101274030E+00    8.0225281405E+04    2.2114546892E+05    6.0539933904E-01
    4.8396961720E+01    0.0000000000E+00    2.1711622245E+02   -4.9240675875E-15    2.1711622245E+02    9.8151055446E-01    7.7082261255E+04    2.1583958898E+05    6.5478469580E-01
    5.0775720980E+01    0.0000000000E+00    2.3433387540E+02   -1.7977783095E-14    2.3433387540E+02    9.4752561885E-01    7.3388123397E+04    2.0948574488E+05    7.1162901379E-01
    5.3154480230E+01    0.0000000000E+00    2.5244307001E+02   -3.4413447428E-15    2.5244307001E+02    9.0953729821E-01    6.9317906971E+04    2.0227603815E+05    7.7283533693E-01
    5.5533239490E+01    0.0000000000E+00    2.7189316120E+02   -1.4696353078E-14    2.7189316120E+02    8.6745663106E-01    6.4882509779E+04    1.9427002667E+05    8.4022254700E-01
    5.7911998750E+01    0.0000000000E+00    2.9104284961E+02   -3.2605305855E-14    2.9104284961E+02    8.2316497358E-01    6.0303704690E+04    1.8562274328E+05    9.0879171822E-01
    6.0290758010E+01    0.0000000000E+00    3.1043591700E+02   -1.5338186010E-14    3.1043591700E+02    7.7813119229E-01    5.5746132397E+04    1.7685976090E+05    9.8022773482E-01
    6.3233671320E+01    0.0000000000E+00    3.2835580199E+02   -2.0624774477E-14    3.2835580199E+02    7.3326806136E-01    5.1314664682E+04    1.6781623830E+05    1.0490382256E+00
    6.6874535250E+01    0.0000000000E+00    3.4138380798E+02   -1.9375089359E-14    3.4138380798E+02    6.9936994684E-01    4.8036105566E+04    1.6084356632E+05    1.1009015630E+00
    7.1378877970E+01    0.0000000000E+00    3.4940520324E+02   -2.8076130501E-14    3.4940520324E+02    6.7705830909E-01    4.5910897521E+04    1.5610623577E+05    1.1340194279E+00
    7.6951484820E+01    0.0000000000E+00    3.5610221867E+02   -1.6815852143E-14    3.5610221867E+02    6.6067085845E-01    4.4366643659E+04    1.5280604527E+05    1.1613816220E+00
    8.3845708720E+01    0.0000000000E+00    3.6207765442E+02   -3.7308386242E-14    3.6207765442E+02    6.4391564010E-01    4.2805440393E+04    1.4922234454E+05    1.1868687839E+00
    9.2374988520E+01    0.0000000000E+00    3.6776504483E+02   -6.0653425190E-14    3.6776504483E+02    6.3006831230E-01    4.1526457765E+04    1.4642486945E+05    1.2107035227E+00
    1.0292709926E+02    0.0000000000E+00    3.7024345813E+02   -2.1041035116E-14    3.7024345813E+02    6.1789776025E-01    4.0411845372E+04    1.4338039336E+05    1.2235658438E+00
    1.1598178864E+02    0.0000000000E+00    3.7024236383E+02   -2.0981845669E-14    3.7024236383E+02    6.1790032790E-01    4.0412078897E+04    1.4338090281E+05    1.2235612344E+00
   -6.6704928300E+00    7.3647144600E+00    9.4706613268E+01   -0.0000000000E+00    9.4706613268E+01    1.1529526417E+00    9.6089251948E+04    2.4539374349E+05    2.7725833874E-01
    4.6581115200E+00    6.4783326400E+00    9.4706613268E+01   -3.5324261915E+00    9.4772467687E+01    1.1654428159E+00    9.7614134460E+04    2.4926923532E+05    2.7676253622E-01
    1.3967113450E+01    5.7499635300E+00    1.0383490689E+02   -6.0669758871E+00    1.0401199971E+02    1.1558765167E+00    9.6561465456E+04    2.4765608643E+05    3.0413977789E-01
    2.1616603960E+01    5.1514304700E+00    1.1500298402E+02   -8.0575242032E+00    1.1528490807E+02    1.1444449178E+00    9.5299990717E+04    2.4585516234E+05    3.3764432763E-01
    2.7902475700E+01    4.6595809700E+00    1.2835096809E+02   -9.5924205819E+00    1.2870891789E+02    1.1276995091E+00    9.3414378509E+04    2.4287667316E+05    3.7795008947E-01
    3.3067867310E+01    4.2553912100E+00    1.4263166723E+02   -1.0873937626E+01    1.4304556972E+02    1.1084333886E+00    9.1241601898E+04    2.3944440615E+05    4.2137497798E-01
    3.7312563820E+01    3.9232302900E+00    1.5764290278E+02   -1.1897354546E+01    1.5809121368E+02    1.0859353078E+00    8.8699396697E+04    2.3531879101E+05    4.6750403083E-01
    4.0800723150E+01    3.6502555300E+00    1.7286410615E+02   -1.2613931093E+01    1.7332371579E+02    1.0616612394E+00    8.5969625132E+04    2.3087080411E+05    5.1477143262E-01
    4.3667227040E+01    3.4259153100E+00    1.8779927608E+02   -1.2914477934E+01    1.8824280022E+02    1.0358097748E+00    8.3071691123E+04    2.2603136971E+05    5.6178201756E-01
    4.6022901230E+01    3.2415403800E+00    2.0199686489E+02   -1.2809721622E+01    2.0240262447E+02    1.0103271046E+00    8.0241650776E+04    2.2129907247E+05    6.0699232038E-01
    4.8386804760E+01    3.0809501100E+00    2.1756615947E+02   -1.2299403164E+01    2.1791353576E+02    9.8111928275E-01    7.7033699860E+04    2.1587911640E+05    6.5726531837E-01
    5.0762120780E+01    2.9562725900E+00    2.3513280052E+02   -1.1149042822E+01    2.3539697330E+02    9.4639195902E-01    7.3260837476E+04    2.0937270393E+05    7.1505004441E-01
    5.3145870510E+01    2.8683655600E+00    2.5362023913E+02   -9.4917991390E+00    2.5379779343E+02    9.0766362794E-01    6.9114317624E+04    2.0201860790E+05    7.7732436037E-01
    5.5535014160E+01    2.8178438200E+00    2.7337660602E+02   -7.1058475654E+00    2.7346894118E+02    8.6480971601E-01    6.4603602905E+04    1.9384651777E+05    8.4562127699E-01
    5.7926471090E+01    2.8050758000E+00    2.9274743519E+02   -4.3582848332E+00    2.9277987543E+02    8.1999106298E-01    5.9977709945E+04    1.8508911456E+05    9.1492779951E-01
    6.0284896260E+01    2.8146985600E+00    3.1198167121E+02   -1.0170248833E+00    3.1198332890E+02    7.7505113565E-01    5.5438563867E+04    1.7631566731E+05    9.8588568945E-01
    6.3207071230E+01    2.8266229700E+00    3.2902019216E+02    2.0184392136E+00    3.2902638336E+02    7.3204318331E-01    5.1196903430E+04    1.6761715616E+05    1.0515095208E+00
    6.6827789080E+01    2.8413995900E+00    3.4127742995E+02    2.6941120089E+00    3.4128806372E+02    7.0030370870E-01    4.8127362885E+04    1.6110323469E+05    1.1002826432E+00
    7.1314080610E+01    2.8597108000E+00    3.4921016293E+02    1.8859047315E+00    3.4921525529E+02    6.7853308913E-01    4.6052714298E+04    1.5650578005E+05    1.1328882934E+00
    7.6872925810E+01    2.8824023000E+00    3.5610294133E+02    1.3213672213E+00    3.5610539288E+02    6.6157865733E-01    4.4454040786E+04    1.5308284434E+05    1.1610466085E+00
    8.3760809580E+01    2.9105221200E+00    3.6215808505E+02    1.2828565500E+00    3.6216035715E+02    6.4429115056E-01    4.2842444548E+04    1.4935876506E+05    1.1869730362E+00
    9.2295561990E+01    2.9453690500E+00    3.6782565218E+02    1.2737081212E+00    3.6782785747E+02    6.3022572987E-01    4.1542789103E+04    1.4649090289E+05    1.2108234941E+00
    1.0287102821E+02    2.9885526000E+00    3.7023418933E+02    1.3069251266E+00    3.7023649604E+02    6.1792180249E-01    4.0415678434E+04    1.4339003109E+05    1.2235086159E+00
    1.1597524390E+02    3.0420673400E+00    3.7023418933E+02    1.3069251266E+00    3.7023649604E+02    6.1792180249E-01    4.0415678434E+04    1.4339003109E+05    1.2235086159E+00
