 TITLE = "Projeto1" 
 VARIABLES = "X" "Y" "u" "v" "q_vel_out" "rho" "p" "e" "mach" 
 ZONE I =           24  J =          13  DATAPACKING = POINT
    8.4500000000E-06   -3.5279003140E+01    6.9490744121E+01    0.0000000000E+00    6.9490744121E+01    1.1735181027E+00    9.8497332012E+04    2.4907676808E+05    2.0271953792E-01
    1.0306326720E+01   -3.1045768330E+01    6.9490749989E+01    2.5348241368E+01    7.3969572626E+01    1.2053205299E+00    1.0269201708E+05    2.6002749694E+05    2.1417660316E-01
    1.8746475060E+01   -2.7579047530E+01    9.2301943178E+01    3.6048809189E+01    9.9091701763E+01    1.1661847913E+00    9.8071775315E+04    2.5090491894E+05    2.8879185288E-01
    2.5658349530E+01   -2.4740052520E+01    1.0525673662E+02    4.1732183548E+01    1.1322789298E+02    1.1521209016E+00    9.6474819368E+04    2.4857246354E+05    3.3069790882E-01
    3.1318677600E+01   -2.2415119790E+01    1.1924395872E+02    4.7372079245E+01    1.2830914068E+02    1.1329026157E+00    9.4260787652E+04    2.4497759046E+05    3.7594501985E-01
    3.5954079200E+01   -2.0511167100E+01    1.3285611110E+02    5.2787371463E+01    1.4295892012E+02    1.1137148220E+00    9.2064810039E+04    2.4154266080E+05    4.2023034540E-01
    3.9750139730E+01   -1.8951966780E+01    1.4726721133E+02    5.8441778749E+01    1.5843949330E+02    1.0911120334E+00    8.9482191486E+04    2.3740061125E+05    4.6759062360E-01
    4.2858840280E+01   -1.7675093850E+01    1.6269045114E+02    6.4303169794E+01    1.7493736175E+02    1.0653754090E+00    8.6567763006E+04    2.3272129224E+05    5.1867079098E-01
    4.5404642460E+01   -1.6629426760E+01    1.8068325976E+02    7.0831867154E+01    1.9407110491E+02    1.0328689630E+00    8.2918851442E+04    2.2674790712E+05    5.7888571856E-01
    4.7489471440E+01   -1.5773100850E+01    2.0495406688E+02    7.5991339940E+01    2.1858831917E+02    9.8725586103E-01    7.7887720670E+04    2.1830526540E+05    6.5772340394E-01
    4.9607350680E+01   -1.5003262190E+01    2.3669828974E+02    7.4148276529E+01    2.4804041460E+02    9.2589341213E-01    7.1217915686E+04    2.0652714425E+05    7.5586510829E-01
    5.1781269800E+01   -1.4409848660E+01    2.6963967494E+02    6.3603186420E+01    2.7703956329E+02    8.5928254161E-01    6.4189321352E+04    1.9344866602E+05    8.5667161682E-01
    5.3996560260E+01   -1.3996868810E+01    3.0030871634E+02    4.7420729250E+01    3.0402968716E+02    7.9298006078E-01    5.7409601736E+04    1.8017318390E+05    9.5497244686E-01
    5.6238272770E+01   -1.3767109600E+01    3.2761149169E+02    2.5888882007E+01    3.2863280983E+02    7.3025050542E-01    5.1195917318E+04    1.6742314668E+05    1.0489750797E+00
    5.8491279600E+01   -1.3722117420E+01    3.4161856046E+02    4.9859803101E+00    3.4165494414E+02    6.9081451162E-01    4.7444596112E+04    1.5893022327E+05    1.1018209887E+00
    6.0744619520E+01   -1.3769711210E+01    3.3927863577E+02   -5.2430707877E+00    3.3931914547E+02    6.9418277492E-01    4.7777787580E+04    1.5940769749E+05    1.0931210203E+00
    6.3553982470E+01   -1.3829049520E+01    3.3588734070E+02   -6.8433835389E+00    3.3595704717E+02    7.0447146922E-01    4.8762603712E+04    1.6166234839E+05    1.0792150638E+00
    6.7056569970E+01   -1.3903029860E+01    3.4048304209E+02   -7.1811006079E+00    3.4055876168E+02    6.9616845521E-01    4.7948726588E+04    1.6024271923E+05    1.0967222935E+00
    7.1423438710E+01   -1.3995265220E+01    3.4859224364E+02   -7.3451854519E+00    3.4866962024E+02    6.7620802430E-01    4.6030519370E+04    1.5617977361E+05    1.1294507895E+00
    7.6867854440E+01   -1.4110260120E+01    3.5749147046E+02   -7.4807700167E+00    3.5756973218E+02    6.5476288734E-01    4.3996526813E+04    1.5184903601E+05    1.1658147940E+00
    8.3655707370E+01   -1.4253630600E+01    3.6474061232E+02   -7.5822828558E+00    3.6481941463E+02    6.3385552516E-01    4.2042210723E+04    1.4728645857E+05    1.1971988532E+00
    9.2118497430E+01   -1.4432378480E+01    3.7145481129E+02   -7.6464751634E+00    3.7153350510E+02    6.1706820646E-01    4.0487047004E+04    1.4380678438E+05    1.2258645928E+00
    1.0266952384E+02   -1.4655233290E+01    3.7305642847E+02   -7.6315161748E+00    3.7313447825E+02    6.0233977553E-01    3.9132807500E+04    1.3976370311E+05    1.2372333861E+00
    1.1582405090E+02   -1.4933078770E+01    3.7305550516E+02   -7.6314882317E+00    3.7313355457E+02    6.0234084881E-01    3.9132902139E+04    1.3976380682E+05    1.2372299296E+00
   -3.7493654000E-01   -3.4351956070E+01    6.9490749989E+01    0.0000000000E+00    6.9490749989E+01    1.1735180986E+00    9.8497331533E+04    2.4907676735E+05    2.0271955518E-01
    9.9825822500E+00   -3.0229171540E+01    6.9490755855E+01    2.5348243460E+01    7.3969578854E+01    1.2053205290E+00    1.0269201711E+05    2.6002749756E+05    2.1417662108E-01
    1.8465667490E+01   -2.6852503770E+01    9.2301951348E+01    3.6048812293E+01    9.9091710503E+01    1.1661847885E+00    9.8071775228E+04    2.5090491972E+05    2.8879187813E-01
    2.5413537970E+01   -2.4086928300E+01    1.0525674688E+02    4.1732187512E+01    1.1322790398E+02    1.1521208979E+00    9.6474819289E+04    2.4857246476E+05    3.3069794055E-01
    3.1104036770E+01   -2.1821850880E+01    1.1924397095E+02    4.7372084019E+01    1.2830915381E+02    1.1329026112E+00    9.4260787592E+04    2.4497759218E+05    3.7594505769E-01
    3.5764723450E+01   -1.9966692010E+01    1.3285612517E+02    5.2787377007E+01    1.4295893524E+02    1.1137148165E+00    9.2064809976E+04    2.4154266300E+05    4.2023038896E-01
    3.9581973480E+01   -1.8447265030E+01    1.4726722695E+02    5.8441784962E+01    1.5843951010E+02    1.0911120271E+00    8.9482191418E+04    2.3740061390E+05    4.6759067201E-01
    4.2708431140E+01   -1.7202809630E+01    1.6269046809E+02    6.4303176608E+01    1.7493738002E+02    1.0653754015E+00    8.6567762885E+04    2.3272129522E+05    5.1867084367E-01
    4.5269114030E+01   -1.6183562030E+01    1.8068327781E+02    7.0831874497E+01    1.9407112440E+02    1.0328689540E+00    8.2918851209E+04    2.2674791028E+05    5.7888577497E-01
    4.7366413090E+01   -1.5348765120E+01    2.0495408649E+02    7.5991347687E+01    2.1858834025E+02    9.8725584843E-01    7.7887720070E+04    2.1830526814E+05    6.5772346569E-01
    4.9504999150E+01   -1.4598047580E+01    2.3669831165E+02    7.4148284027E+01    2.4804043775E+02    9.2589339461E-01    7.1217914584E+04    2.0652714627E+05    7.5586517754E-01
    5.1698067720E+01   -1.4018847730E+01    2.6963969980E+02    6.3603192986E+01    2.7703958899E+02    8.5928251815E-01    6.4189319668E+04    1.9344866703E+05    8.5667169585E-01
    5.3931360230E+01   -1.3615074210E+01    3.0030874509E+02    4.7420734505E+01    3.0402971637E+02    7.9298003038E-01    5.7409599407E+04    1.8017318372E+05    9.5497253969E-01
    5.6190344140E+01   -1.3389449650E+01    3.2761152733E+02    2.5888885446E+01    3.2863284563E+02    7.3025046143E-01    5.1195913736E+04    1.6742314394E+05    1.0489751990E+00
    5.8460312160E+01   -1.3343492330E+01    3.4161861010E+02    4.9859809588E+00    3.4165499378E+02    6.9081444036E-01    4.7444590025E+04    1.5893021561E+05    1.1018211627E+00
    6.0717878330E+01   -1.3389802890E+01    3.3927870298E+02   -5.2430732482E+00    3.3931921271E+02    6.9418267000E-01    4.7777778321E+04    1.5940768414E+05    1.0931212603E+00
    6.3531877740E+01   -1.3447528720E+01    3.3588742745E+02   -6.8433871935E+00    3.3595713398E+02    7.0447133735E-01    4.8762591832E+04    1.6166233179E+05    1.0792153731E+00
    6.7039463590E+01   -1.3519483110E+01    3.4048315778E+02   -7.1811051904E+00    3.4055887744E+02    6.9616827925E-01    4.7948710626E+04    1.6024269656E+05    1.0967227102E+00
    7.1411597120E+01   -1.3609173330E+01    3.4859241481E+02   -7.3451916976E+00    3.4866979150E+02    6.7620776600E-01    4.6030495819E+04    1.5617973941E+05    1.1294514175E+00
    7.6861381490E+01   -1.3720971250E+01    3.5749172910E+02   -7.4807795920E+00    3.5756999096E+02    6.5476249013E-01    4.3996490792E+04    1.5184898115E+05    1.1658157613E+00
    8.3654450210E+01   -1.3860326380E+01    3.6474102304E+02   -7.5822973471E+00    3.6481982556E+02    6.3385492846E-01    4.2042156910E+04    1.4728637936E+05    1.1972004044E+00
    9.2121916200E+01   -1.4034031630E+01    3.7145541832E+02   -7.6464976258E+00    3.7153411247E+02    6.1706734514E-01    4.0486970250E+04    1.4380667230E+05    1.2258669033E+00
    1.0267651289E+02   -1.4250554360E+01    3.7305735166E+02   -7.6315441147E+00    3.7313540183E+02    6.0233870239E-01    3.9132712874E+04    1.3976359941E+05    1.2372368422E+00
    1.1583269561E+02   -1.4520449310E+01    3.7305642847E+02   -7.6315161748E+00    3.7313447825E+02    6.0233977553E-01    3.9132807500E+04    1.3976370311E+05    1.2372333861E+00
   -8.1922002000E-01   -3.3214552130E+01    7.0847157113E+01    0.0000000000E+00    7.0847157113E+01    1.1725678076E+00    9.8385684043E+04    2.4890695644E+05    2.0670997703E-01
    9.5991315900E+00   -2.9227426920E+01    7.0847162151E+01    2.4385007477E+01    7.4926290276E+01    1.1992599884E+00    1.0193424635E+05    2.5820190808E+05    2.1720350374E-01
    1.8133277590E+01   -2.5961397340E+01    9.2337328295E+01    3.4172855884E+01    9.8457941660E+01    1.1655802154E+00    9.7982609182E+04    2.5060607061E+05    2.8700093918E-01
    2.5123991480E+01   -2.3286050360E+01    1.0552662490E+02    4.0058424584E+01    1.1287402687E+02    1.1517550605E+00    9.6416898071E+04    2.4837923931E+05    3.2971103924E-01
    3.0850429370E+01   -2.1094553290E+01    1.1969089192E+02    4.5670188732E+01    1.2810806278E+02    1.1325739805E+00    9.4209679373E+04    2.4481791690E+05    3.7540320252E-01
    3.5541258340E+01   -1.9299394780E+01    1.3345702434E+02    5.0995305957E+01    1.4286811602E+02    1.1132884437E+00    9.2004561282E+04    2.4137323462E+05    4.2002048400E-01
    3.9383786280E+01   -1.7828890980E+01    1.4802819277E+02    5.6476847148E+01    1.5843604426E+02    1.0905300609E+00    8.9406490497E+04    2.3720345820E+05    4.6765358690E-01
    4.2531441210E+01   -1.6624323360E+01    1.6361256828E+02    6.2063731733E+01    1.7498851190E+02    1.0645988803E+00    8.6472066004E+04    2.3247969515E+05    5.1892023365E-01
    4.5109898660E+01   -1.5637593960E+01    1.8133776019E+02    6.7916309374E+01    1.9363886064E+02    1.0326483611E+00    8.2884822705E+04    2.2657215255E+05    5.7765325438E-01
    4.7222101310E+01   -1.4829304830E+01    2.0398055680E+02    7.1702500262E+01    2.1621590158E+02    9.9118908918E-01    7.8300230378E+04    2.1891928197E+05    6.5016015393E-01
    4.9384793640E+01   -1.4102194370E+01    2.3343379986E+02    6.8709051732E+01    2.4333572016E+02    9.3712635741E-01    7.2395116058E+04    2.0873248086E+05    7.3992259507E-01
    5.1600068280E+01   -1.3540614770E+01    2.6502154343E+02    5.8105323115E+01    2.7131650716E+02    8.7663833963E-01    6.5944327006E+04    1.9712665186E+05    8.3605280765E-01
    5.3854166510E+01   -1.3148350710E+01    2.9507969034E+02    4.2466088752E+01    2.9811976175E+02    8.1447880855E-01    5.9501913838E+04    1.8494834643E+05    9.3218299205E-01
    5.6133064010E+01   -1.2928043990E+01    3.2284689488E+02    2.1935496766E+01    3.2359122910E+02    7.5326838086E-01    5.3338818881E+04    1.7278489671E+05    1.0277462372E+00
    5.8422566480E+01   -1.2881175950E+01    3.3997825385E+02    2.1798573354E+00    3.3998524213E+02    7.0796811166E-01    4.8959548709E+04    1.6331587635E+05    1.0926578579E+00
    6.0685277420E+01   -1.2925914190E+01    3.4146012089E+02   -7.0260372364E+00    3.4153239869E+02    7.0056407584E-01    4.8265929115E+04    1.6152325370E+05    1.0996930664E+00
    6.3504918180E+01   -1.2981665290E+01    3.3889446835E+02   -7.6113909603E+00    3.3897993148E+02    7.0616720264E-01    4.8821648363E+04    1.6262603738E+05    1.0895759841E+00
    6.7018581810E+01   -1.3051139870E+01    3.4285894545E+02   -7.2078339119E+00    3.4293470128E+02    6.9728154924E-01    4.7974049720E+04    1.6093674694E+05    1.1049644653E+00
    7.1397111430E+01   -1.3137716350E+01    3.5037226898E+02   -7.0002746422E+00    3.5044219312E+02    6.7705097460E-01    4.6049541729E+04    1.5669807826E+05    1.1356654124E+00
    7.6853409680E+01   -1.3245604970E+01    3.5881201787E+02   -7.0352291389E+00    3.5888098113E+02    6.5536450042E-01    4.4008356757E+04    1.5222491036E+05    1.1704700512E+00
    8.3652794060E+01   -1.3380052480E+01    3.6578224062E+02   -7.1665268831E+00    3.6585243837E+02    6.3426956937E-01    4.2048527112E+04    1.4756917655E+05    1.2008906956E+00
    9.2125901690E+01   -1.3547597450E+01    3.7234135642E+02   -7.2527227218E+00    3.7241198650E+02    6.1734743275E-01    4.0490048739E+04    1.4403529184E+05    1.2289955388E+00
    1.0268477089E+02   -1.3756388210E+01    3.7411222419E+02   -7.2911865173E+00    3.7418326752E+02    6.0252371437E-01    3.9134915855E+04    1.4001790150E+05    1.2408669442E+00
    1.1584286401E+02   -1.4016579340E+01    3.7411139669E+02   -7.2911530528E+00    3.7418243952E+02    6.0252478299E-01    3.9135010559E+04    1.4001802640E+05    1.2408637974E+00
   -1.3413917200E+00   -3.1817897940E+01    7.3544298430E+01    0.0000000000E+00    7.3544298430E+01    1.1706250654E+00    9.8157548379E+04    2.4855968821E+05    2.1465057178E-01
    9.1489013400E+00   -2.7997494540E+01    7.3544302550E+01    2.1923603019E+01    7.6742483716E+01    1.1982583988E+00    1.0176113123E+05    2.5793134486E+05    2.2256461120E-01
    1.7743498550E+01   -2.4867483350E+01    9.3380023209E+01    3.1981919322E+01    9.8704974029E+01    1.1660030613E+00    9.7991295840E+04    2.5065823223E+05    2.8776045775E-01
    2.4784987760E+01   -2.2303101760E+01    1.0627939263E+02    3.8080674526E+01    1.1289573540E+02    1.1520624022E+00    9.6417887413E+04    2.4838649372E+05    3.2981675548E-01
    3.0554060080E+01   -2.0202127720E+01    1.2041716797E+02    4.3566010288E+01    1.2805581437E+02    1.1329011924E+00    9.4217425005E+04    2.4483238456E+05    3.7528887130E-01
    3.5280679510E+01   -1.8480811930E+01    1.3427551539E+02    4.8698808650E+01    1.4283377751E+02    1.1135820839E+00    9.2011194462E+04    2.4138735192E+05    4.1995976835E-01
    3.9153247660E+01   -1.7070540360E+01    1.4898644369E+02    5.3879245516E+01    1.5842958531E+02    1.0908072045E+00    8.9413063263E+04    2.3722225231E+05    4.6767674943E-01
    4.2326113370E+01   -1.5915099610E+01    1.6473256238E+02    5.8991936624E+01    1.7497675758E+02    1.0649165814E+00    8.6483879582E+04    2.3251190293E+05    5.1892734874E-01
    4.4925726290E+01   -1.4968436220E+01    1.8251526281E+02    6.4005843793E+01    1.9341294992E+02    1.0333200573E+00    8.2935509202E+04    2.2666628544E+05    5.7699055347E-01
    4.7055679380E+01   -1.4192820810E+01    2.0443371513E+02    6.7350722815E+01    2.1524233725E+02    9.9298780083E-01    7.8473530005E+04    2.1918602187E+05    6.4710393900E-01
    4.9245912110E+01   -1.3494964160E+01    2.3205768233E+02    6.5557225362E+01    2.4114003758E+02    9.4013209448E-01    7.2715986392E+04    2.0912360986E+05    7.3279887862E-01
    5.1486408710E+01   -1.2955334700E+01    2.6186341323E+02    5.7259249733E+01    2.6805049687E+02    8.8035260192E-01    6.6355033703E+04    1.9751472197E+05    8.2517105918E-01
    5.3764019790E+01   -1.2577563400E+01    2.9061573010E+02    4.4115608721E+01    2.9394504506E+02    8.1862107201E-01    5.9971647361E+04    1.8529505887E+05    9.1784764182E-01
    5.6065340850E+01   -1.2364190610E+01    3.1776797840E+02    2.6095752534E+01    3.1883769601E+02    7.5741148433E-01    5.3814078917E+04    1.7303346734E+05    1.0109359286E+00
    5.8376803500E+01   -1.2316649350E+01    3.3556935231E+02    7.1283528482E+00    3.3564505601E+02    7.1087140487E-01    4.9298985765E+04    1.6328999889E+05    1.0771911255E+00
    6.0645767600E+01   -1.2359460680E+01    3.3846257372E+02   -4.5896705542E+00    3.3849369106E+02    7.0093509783E-01    4.8352215324E+04    1.6103640173E+05    1.0892241852E+00
    6.3472260180E+01   -1.2412793280E+01    3.3708818942E+02   -7.0713644864E+00    3.3716235206E+02    7.0552079768E-01    4.8786771735E+04    1.6206818528E+05    1.0836247770E+00
    6.6993298720E+01   -1.2479232650E+01    3.4177468175E+02   -6.9929102923E+00    3.4184621379E+02    6.9689058274E-01    4.7944457698E+04    1.6058005467E+05    1.1014881996E+00
    7.1379579410E+01   -1.2562000360E+01    3.4983574595E+02   -6.7701815080E+00    3.4990124964E+02    6.7698059406E-01    4.6036734398E+04    1.5653350246E+05    1.1340111658E+00
    7.6843756600E+01   -1.2665109890E+01    3.5868132944E+02   -6.7795254656E+00    3.5874539448E+02    6.5547626315E-01    4.4004420090E+04    1.5219037686E+05    1.1701799432E+00
    8.3650757510E+01   -1.2793561370E+01    3.6599131299E+02   -6.9023019845E+00    3.6605639314E+02    6.3445495856E-01    4.2047163762E+04    1.4762552971E+05    1.2017552363E+00
    9.2130632620E+01   -1.2953584120E+01    3.7278502861E+02   -6.9433253965E+00    3.7284968463E+02    6.1753789471E-01    4.0488510790E+04    1.4414537494E+05    1.2306531483E+00
    1.0269456436E+02   -1.3152938790E+01    3.7501631411E+02   -6.9566368572E+00    3.7508083215E+02    6.0269910007E-01    3.9134030001E+04    1.4023062649E+05    1.2440385481E+00
    1.1585479368E+02   -1.3401293890E+01    3.7501559045E+02   -6.9565984416E+00    3.7508010790E+02    6.0270016302E-01    3.9134124705E+04    1.4023077430E+05    1.2440357377E+00
   -1.9484990300E+00   -3.0101349610E+01    7.6153714072E+01    0.0000000000E+00    7.6153714072E+01    1.1686783772E+00    9.7929101198E+04    2.4821156277E+05    2.2234055805E-01
    8.6264727800E+00   -2.6485958430E+01    7.6153717324E+01    2.0410288295E+01    7.8841413804E+01    1.1924092585E+00    1.0101348097E+05    2.5623969164E+05    2.2893562904E-01
    1.7292317850E+01   -2.3523274230E+01    9.4164633057E+01    2.9641589837E+01    9.8719815472E+01    1.1651532392E+00    9.7850091681E+04    2.5030278905E+05    2.8790633565E-01
    2.4393725320E+01   -2.1095457340E+01    1.0701488934E+02    3.5740159176E+01    1.1282528759E+02    1.1515881000E+00    9.6324028127E+04    2.4813966689E+05    3.2970360642E-01
    3.0213167820E+01   -1.9105937190E+01    1.2119175154E+02    4.1052970321E+01    1.2795619177E+02    1.1326231679E+00    9.4150542756E+04    2.4464845584E+05    3.7508404835E-01
    3.4982117740E+01   -1.7475577610E+01    1.3517712279E+02    4.5978287537E+01    1.4278255303E+02    1.1132396184E+00    9.1940244115E+04    2.4119833899E+05    4.1990652755E-01
    3.8890251290E+01   -1.6139530400E+01    1.5002754691E+02    5.0844558576E+01    1.5840907161E+02    1.0903720299E+00    8.9334654768E+04    2.3701722619E+05    4.6772803357E-01
    4.2092992540E+01   -1.5044656460E+01    1.6585591774E+02    5.5501991693E+01    1.7489613069E+02    1.0644794358E+00    8.6407728216E+04    2.3229981846E+05    5.1881022651E-01
    4.4717696890E+01   -1.4147412240E+01    1.8332020526E+02    5.9724783955E+01    1.9280390939E+02    1.0336558710E+00    8.2945662739E+04    2.2657638128E+05    5.7523190350E-01
    4.6868719460E+01   -1.3412117490E+01    2.0363101336E+02    6.1988974327E+01    2.1285728209E+02    9.9687894194E-01    7.8869644435E+04    2.1975751756E+05    6.3957394661E-01
    4.9089521780E+01   -1.2750664590E+01    2.2881661526E+02    5.9572194665E+01    2.3644426362E+02    9.5034436455E-01    7.3782849973E+04    2.1102204859E+05    7.1717898101E-01
    5.1357759230E+01   -1.2238528860E+01    2.5668076749E+02    5.1575955889E+01    2.6181118315E+02    8.9647170771E-01    6.8007146659E+04    2.0074223611E+05    8.0336922788E-01
    5.3661025250E+01   -1.1879150670E+01    2.8421241623E+02    3.9360022487E+01    2.8692491860E+02    8.3933271814E-01    6.2033370929E+04    1.8963284177E+05    8.9198722571E-01
    5.5986671240E+01   -1.1674943080E+01    3.1090101424E+02    2.2789490111E+01    3.1173514643E+02    7.8075537329E-01    5.6065033108E+04    1.7809901850E+05    9.8318037457E-01
    5.8321892460E+01   -1.1627276230E+01    3.3088302933E+02    5.2327895051E+00    3.3092440403E+02    7.3085902734E-01    5.1150406720E+04    1.6789455409E+05    1.0571997206E+00
    6.0598429660E+01   -1.1667725950E+01    3.3786014246E+02   -5.9956496645E+00    3.3791333752E+02    7.1018378475E-01    4.9160798022E+04    1.6344831323E+05    1.0854685127E+00
    6.3433210150E+01   -1.1718096700E+01    3.3835425121E+02   -7.9924738535E+00    3.3844863561E+02    7.0786527359E-01    4.8944366897E+04    1.6290300851E+05    1.0878091208E+00
    6.6963154880E+01   -1.1780821780E+01    3.4290965278E+02   -7.1441489771E+00    3.4298406498E+02    6.9778819662E-01    4.7977575178E+04    1.6098716590E+05    1.1054843213E+00
    7.1358775240E+01   -1.1858931950E+01    3.5059030078E+02   -6.4094261396E+00    3.5064888385E+02    6.7762904006E-01    4.6057548761E+04    1.5680268915E+05    1.1367214036E+00
    7.6832415470E+01   -1.1956201640E+01    3.5916340482E+02   -6.2443487277E+00    3.5921768227E+02    6.5599277330E-01    4.4020629437E+04    1.5237535592E+05    1.1719662145E+00
    8.3648517490E+01   -1.2077331390E+01    3.6638578568E+02   -6.3756568489E+00    3.6644125443E+02    6.3485049259E-01    4.2057097318E+04    1.4776634919E+05    1.2032515397E+00
    9.2136404360E+01   -1.2228175150E+01    3.7316996565E+02   -6.4399557729E+00    3.7322553007E+02    6.1783478453E-01    4.0492859936E+04    1.4426350736E+05    1.2321236051E+00
    1.0270619947E+02   -1.2416023240E+01    3.7569644660E+02   -6.4968107831E+00    3.7575261614E+02    6.0294529830E-01    3.9136935614E+04    1.4040727097E+05    1.2464749146E+00
    1.1586863495E+02   -1.2649954860E+01    3.7569580691E+02   -6.4967690881E+00    3.7575197583E+02    6.0294635784E-01    3.9137030426E+04    1.4040743773E+05    1.2464723759E+00
   -2.6440171400E+00   -2.7989633500E+01    7.9452402301E+01    0.0000000000E+00    7.9452402301E+01    1.1661233056E+00    9.7629490141E+04    2.4775440945E+05    2.3207306712E-01
    8.0301409900E+00   -2.4626487800E+01    7.9452404951E+01    1.7787338283E+01    8.1419125859E+01    1.1893866683E+00    1.0060120551E+05    2.5544527993E+05    2.3660415019E-01
    1.6779571680E+01   -2.1869785270E+01    9.5653565432E+01    2.6784305275E+01    9.9332792113E+01    1.1650372840E+00    9.7789689833E+04    2.5022193811E+05    2.8976905399E-01
    2.3951377310E+01   -1.9610166800E+01    1.0820346749E+02    3.2887575782E+01    1.1309103863E+02    1.1515453592E+00    9.6274772049E+04    2.4805082261E+05    3.3055859202E-01
    2.9830081800E+01   -1.7757988250E+01    1.2227463066E+02    3.7962039277E+01    1.2803203399E+02    1.1327665166E+00    9.4126802483E+04    2.4460127483E+05    3.7537744666E-01
    3.4648898760E+01   -1.6239770220E+01    1.3633208501E+02    4.2581938515E+01    1.4282737444E+02    1.1133646667E+00    9.1917155106E+04    2.4114901747E+05    4.2011468755E-01
    3.8598979480E+01   -1.4995284460E+01    1.5128842235E+02    4.7012439374E+01    1.5842460728E+02    1.0905082775E+00    8.9314964081E+04    2.3697239279E+05    4.6785469349E-01
    4.1836995390E+01   -1.3975165280E+01    1.6716280901E+02    5.1081991098E+01    1.7479351970E+02    1.0647610747E+00    8.6405821079E+04    2.3228025522E+05    5.1858015349E-01
    4.4491355150E+01   -1.3138951090E+01    1.8441252559E+02    5.4453921428E+01    1.9228418852E+02    1.0346068269E+00    8.3017949407E+04    2.2667124082E+05    5.7369521146E-01
    4.6667302190E+01   -1.2453478970E+01    2.0368601922E+02    5.6139337011E+01    2.1128090208E+02    9.9965598873E-01    7.9143286688E+04    2.2017034825E+05    6.3462104484E-01
    4.8920542700E+01   -1.1837506060E+01    2.2702545772E+02    5.4484154390E+01    2.3347180030E+02    9.5551869249E-01    7.4321203166E+04    2.1184523107E+05    7.0751172618E-01
    5.1217767060E+01   -1.1359980810E+01    2.5296868708E+02    4.8406350774E+01    2.5755840394E+02    9.0357025703E-01    6.8754275603E+04    2.0185545703E+05    7.8911957257E-01
    5.3547474250E+01   -1.1024107310E+01    2.7901614134E+02    3.8625700430E+01    2.8167703467E+02    8.4802835506E-01    6.2939954177E+04    1.9099199790E+05    8.7383492411E-01
    5.5897937520E+01   -1.0832139080E+01    3.0471086908E+02    2.4843954415E+01    3.0572199104E+02    7.9033124346E-01    5.7054573052E+04    1.7957095726E+05    9.6166100733E-01
    5.8257283820E+01   -1.0785364750E+01    3.2533957802E+02    9.3715934182E+00    3.2547452710E+02    7.3921702324E-01    5.1989442583E+04    1.6912759174E+05    1.0372450862E+00
    6.0542934920E+01   -1.0822920750E+01    3.3449471425E+02   -3.0162184012E+00    3.3450831295E+02    7.1360512427E-01    4.9510936771E+04    1.6370205414E+05    1.0733004351E+00
    6.3387668370E+01   -1.0869665670E+01    3.3677377662E+02   -7.0398823706E+00    3.3684734905E+02    7.0752963470E-01    4.8919079693E+04    1.6243802631E+05    1.0826854350E+00
    6.6928278510E+01   -1.0927847880E+01    3.4197284815E+02   -6.7161404784E+00    3.4203879227E+02    6.9699626962E-01    4.7897338755E+04    1.6051433027E+05    1.1027342948E+00
    7.1335040140E+01   -1.1000266600E+01    3.4993376508E+02   -5.9563747910E+00    3.4998445443E+02    6.7731564897E-01    4.6015876854E+04    1.5652159048E+05    1.1348185868E+00
    7.6819904930E+01   -1.1090406260E+01    3.5872847933E+02   -5.7726490499E+00    3.5877492298E+02    6.5603648233E-01    4.4008422449E+04    1.5224338219E+05    1.1707230179E+00
    8.3646704750E+01   -1.1202604360E+01    3.6619359262E+02   -5.9263118440E+00    3.6624154386E+02    6.3502251263E-01    4.2054550170E+04    1.4772507100E+05    1.2027951085E+00
    9.2143852340E+01   -1.1342260220E+01    3.7316093469E+02   -5.9782750710E+00    3.7320881950E+02    6.1801551328E-01    4.0490565363E+04    1.4426650408E+05    1.2322835425E+00
    1.0272015028E+02   -1.1516094970E+01    3.7601632777E+02   -6.0117184880E+00    3.7606438214E+02    6.0313956080E-01    3.9136427873E+04    1.4049040082E+05    1.2477181728E+00
    1.1588445383E+02   -1.1732475150E+01    3.7601574979E+02   -6.0116743540E+00    3.7606380353E+02    6.0314061784E-01    3.9136522727E+04    1.4049058146E+05    1.2477158344E+00
   -3.4244493700E+00   -2.5389355320E+01    8.2746816876E+01    0.0000000000E+00    8.2746816876E+01    1.1634669889E+00    9.7318285221E+04    2.4727886306E+05    2.4180600794E-01
    7.3651011700E+00   -2.2336822080E+01    8.2746819082E+01    1.5584011892E+01    8.4201529053E+01    1.1835334263E+00    9.9861475040E+04    2.5384925294E+05    2.4498936724E-01
    1.6211961590E+01   -1.9833918240E+01    9.7076619677E+01    2.3725997963E+01    9.9933943519E+01    1.1635651493E+00    9.7575400001E+04    2.4974864219E+05    2.9165819923E-01
    2.3465973270E+01   -1.7781671750E+01    1.0941753474E+02    2.9538779124E+01    1.1333462128E+02    1.1505727228E+00    9.6120976204E+04    2.4769184217E+05    3.3139544161E-01
    2.9413995930E+01   -1.6098927260E+01    1.2341411308E+02    3.4251804243E+01    1.2807899672E+02    1.1321906015E+00    9.4023345295E+04    2.4434472041E+05    3.7562615289E-01
    3.4291232380E+01   -1.4719142240E+01    1.3757054513E+02    3.8491043510E+01    1.4285382500E+02    1.1127883114E+00    9.1816972003E+04    2.4089688534E+05    4.2031283296E-01
    3.8290524370E+01   -1.3587757280E+01    1.5261560293E+02    4.2432185599E+01    1.5840458527E+02    1.0899378703E+00    8.9218532689E+04    2.3672069913E+05    4.6792587807E-01
    4.1569977270E+01   -1.2660039290E+01    1.6844571139E+02    4.5889089464E+01    1.7458455321E+02    1.0643995936E+00    8.6335358552E+04    2.3205972177E+05    5.1808354591E-01
    4.4259214110E+01   -1.1899312610E+01    1.8525386607E+02    4.8463249422E+01    1.9148807127E+02    1.0352196000E+00    8.3056784928E+04    2.2662151357E+05    5.7135547327E-01
    4.6464505540E+01   -1.1275508220E+01    2.0308133799E+02    4.9402697683E+01    2.0900396259E+02    1.0031289055E+00    7.9495901614E+04    2.2064942168E+05    6.2747511253E-01
    4.8749833090E+01   -1.0716465510E+01    2.2421229121E+02    4.7565019980E+01    2.2920205639E+02    9.6397563088E-01    7.5206685632E+04    2.1333726082E+05    6.9352048664E-01
    5.1074933610E+01   -1.0282610490E+01    2.4800278691E+02    4.2080971503E+01    2.5154759088E+02    9.1735174204E-01    7.0184840508E+04    2.0448536305E+05    7.6860362934E-01
    5.3429410000E+01   -9.9768544500E+00    2.7244620600E+02    3.3544604497E+01    2.7450350755E+02    8.6658190698E-01    6.4822362116E+04    1.9470532133E+05    8.4825467658E-01
    5.5802659770E+01   -9.8012510800E+00    2.9698982202E+02    2.1614199333E+01    2.9777529782E+02    8.1248421788E-01    5.9248682778E+04    1.8414324674E+05    9.3195033111E-01
    5.8183946580E+01   -9.7569836600E+00    3.1845856308E+02    8.1209031016E+00    3.1856209045E+02    7.6119267445E-01    5.4096134467E+04    1.7386393962E+05    1.0099369419E+00
    6.0480449870E+01   -9.7909973100E+00    3.3140866133E+02   -3.5685851918E+00    3.3142787391E+02    7.2694602318E-01    5.0746457637E+04    1.6679163191E+05    1.0601644319E+00
    6.3336991030E+01   -9.8333085300E+00    3.3682954733E+02   -7.7240746201E+00    3.3691809877E+02    7.1160146454E-01    4.9261668108E+04    1.6354246531E+05    1.0822414990E+00
    6.6890192450E+01   -9.8859417600E+00    3.4271738492E+02   -6.9011895291E+00    3.4278686139E+02    6.9783873610E-01    4.7937501024E+04    1.6084276656E+05    1.1053504462E+00
    7.1310018090E+01   -9.9514159200E+00    3.5044340673E+02   -5.5546626900E+00    3.5048742574E+02    6.7775834238E-01    4.6025407986E+04    1.5669192385E+05    1.1367030787E+00
    7.6807912830E+01   -1.0032864870E+01    3.5895986699E+02   -5.1169607282E+00    3.5899633619E+02    6.5651455186E-01    4.4026348967E+04    1.5237113488E+05    1.1716336627E+00
    8.3646928990E+01   -1.0134187500E+01    3.6631312300E+02   -5.2472463650E+00    3.6635070312E+02    6.3543327982E-01    4.2069544923E+04    1.4781551413E+05    1.2033281674E+00
    9.2154324430E+01   -1.0260234460E+01    3.7324449420E+02   -5.3211088425E+00    3.7328242211E+02    6.1830766103E-01    4.0496974462E+04    1.4431985876E+05    1.2327202956E+00
    1.0273723471E+02   -1.0417040520E+01    3.7623342962E+02   -5.3790993980E+00    3.7627188079E+02    6.0338168090E-01    3.9140227044E+04    1.4056411617E+05    1.2485965666E+00
    1.1590215597E+02   -1.0612113640E+01    3.7623289558E+02   -5.3790550466E+00    3.7627134617E+02    6.0338273739E-01    3.9140322012E+04    1.4056430701E+05    1.2485943709E+00
   -4.2738442500E+00   -2.2184900350E+01    8.6260417299E+01    0.0000000000E+00    8.6260417299E+01    1.1605192914E+00    9.6973275689E+04    2.4675081977E+05    2.5220151205E-01
    6.6478971600E+00   -1.9515423210E+01    8.6260419216E+01    1.2723102773E+01    8.7193676763E+01    1.1790586020E+00    9.9290871184E+04    2.5270921435E+05    2.5394169167E-01
    1.5606661130E+01   -1.7325743600E+01    9.8908893128E+01    2.0061969847E+01    1.0092299923E+02    1.1624492867E+00    9.7404750744E+04    2.4943191243E+05    2.9466127829E-01
    2.2955320460E+01   -1.5529615580E+01    1.1094027119E+02    2.5457277853E+01    1.1382362131E+02    1.1497882160E+00    9.5990598989E+04    2.4742472020E+05    3.3293768585E-01
    2.8983332170E+01   -1.4056291840E+01    1.2477719368E+02    2.9711331179E+01    1.2826578368E+02    1.1317882113E+00    9.3941617329E+04    2.4416419611E+05    3.7627067083E-01
    3.3928121050E+01   -1.2847741360E+01    1.3899271311E+02    3.3457048219E+01    1.4296275169E+02    1.1123986289E+00    9.1739897639E+04    2.4071753945E+05    4.2073629450E-01
    3.7984425620E+01   -1.1856365270E+01    1.5408546391E+02    3.6802792132E+01    1.5841961904E+02    1.0896035547E+00    8.9150551422E+04    2.3654914656E+05    4.6807687492E-01
    4.1311967090E+01   -1.1043122710E+01    1.6983225578E+02    3.9580956251E+01    1.7438362079E+02    1.0643370034E+00    8.6299835145E+04    2.3193264425E+05    5.1757855126E-01
    4.4041742670E+01   -1.0375992950E+01    1.8620362296E+02    4.1409708270E+01    1.9075259668E+02    1.0360059055E+00    8.3117054786E+04    2.2664097893E+05    5.6917063213E-01
    4.6281190000E+01   -9.8287136300E+00    2.0295066781E+02    4.1882054359E+01    2.0722712188E+02    1.0058326821E+00    7.9768123294E+04    2.2101708492E+05    6.2191461316E-01
    4.8595101130E+01   -9.3407358100E+00    2.2240571071E+02    4.0491687204E+01    2.2606166612E+02    9.6936842077E-01    7.5771757453E+04    2.1419863585E+05    6.8336646042E-01
    5.0943648260E+01   -8.9617716300E+00    2.4434875466E+02    3.6457535506E+01    2.4705356868E+02    9.2548234411E-01    7.1039278926E+04    2.0584182030E+05    7.5363647660E-01
    5.3317779820E+01   -8.6943694800E+00    2.6717290499E+02    3.0093964206E+01    2.6886243294E+02    8.7724060918E-01    6.5929416832E+04    1.9653009148E+05    8.2886891603E-01
    5.5708264180E+01   -8.5403327900E+00    2.9044553629E+02    2.0917157894E+01    2.9119776278E+02    8.2519105434E-01    6.0546943689E+04    1.8635386609E+05    9.0856323489E-01
    5.8105751720E+01   -8.5007089600E+00    3.1184372907E+02    1.0319565985E+01    3.1201443044E+02    7.7417130698E-01    5.5388719750E+04    1.7615575086E+05    9.8586746489E-01
    6.0414966400E+01   -8.5303856400E+00    3.2709272356E+02   -4.7947733528E-01    3.2709307499E+02    7.3503005030E-01    5.1533155626E+04    1.6815327740E+05    1.0440384916E+00
    6.3285253050E+01   -8.5672758700E+00    3.3525805128E+02   -6.0946197128E+00    3.3531344342E+02    7.1282471448E-01    4.9374273039E+04    1.6350894353E+05    1.0767824410E+00
    6.6852991140E+01   -8.6131333500E+00    3.4222487767E+02   -6.1079749773E+00    3.4227938041E+02    6.9652641038E-01    4.7800632231E+04    1.6030241707E+05    1.1042532677E+00
    7.1287723850E+01   -8.6701386800E+00    3.5004024274E+02   -4.8232806718E+00    3.5007347168E+02    6.7686084468E-01    4.5925874106E+04    1.5628981937E+05    1.1358373980E+00
    7.6800225540E+01   -8.7410029000E+00    3.5854879975E+02   -4.3742730834E+00    3.5857548168E+02    6.5634711753E-01    4.3994505691E+04    1.5218163113E+05    1.1705342954E+00
    8.3652531920E+01   -8.8290965700E+00    3.6602288177E+02   -4.5451623612E+00    3.6605110091E+02    6.3555296484E-01    4.2063978151E+04    1.4773989939E+05    1.2025368745E+00
    9.2170409630E+01   -8.9386101600E+00    3.7308182602E+02   -4.6369172646E+00    3.7311064030E+02    6.1844599703E-01    4.0493421030E+04    1.4428096546E+05    1.2323449036E+00
    1.0275885745E+02   -9.0747535200E+00    3.7625669886E+02   -4.6770415020E+00    3.7628576661E+02    6.0354505325E-01    3.9139653275E+04    1.4057740041E+05    1.2488208284E+00
    1.1592136501E+02   -9.2440038400E+00    3.7625619632E+02   -4.6769987715E+00    3.7628526358E+02    6.0354610947E-01    3.9139748300E+04    1.4057759851E+05    1.2488187358E+00
   -5.1551058600E+00   -1.8233912820E+01    8.9612024770E+01    0.0000000000E+00    8.9612024770E+01    1.1575977149E+00    9.6631669156E+04    2.4622711003E+05    2.6213279738E-01
    5.9120680500E+00   -1.6037859170E+01    8.9612026486E+01    9.9387611389E+00    9.0161489916E+01    1.1735810323E+00    9.8611782351E+04    2.5129953130E+05    2.6287494727E-01
    1.4994471660E+01   -1.4235646750E+01    1.0072616170E+02    1.6044400427E+01    1.0199599225E+02    1.1602233738E+00    9.7111375689E+04    2.4881344694E+05    2.9795785661E-01
    2.2448120690E+01   -1.2756632780E+01    1.1244949373E+02    2.0655402354E+01    1.1433081075E+02    1.1480849473E+00    9.5760796836E+04    2.4690560797E+05    3.3457416378E-01
    2.8565187600E+01   -1.1542842250E+01    1.2612504295E+02    2.4241328873E+01    1.2843351776E+02    1.1305779658E+00    9.3774656121E+04    2.4376117732E+05    3.7689630393E-01
    3.3585439280E+01   -1.0546698350E+01    1.4039521919E+02    2.7347306116E+01    1.4303388662E+02    1.1112260328E+00    9.1581768455E+04    2.4032153711E+05    4.2108678557E-01
    3.7705629010E+01   -9.7291588800E+00    1.5549991687E+02    3.0015551470E+01    1.5837031754E+02    1.0885082239E+00    8.9005382941E+04    2.3616398044E+05    4.6807720348E-01
    4.1087207090E+01   -9.0581864300E+00    1.7109043649E+02    3.2103059930E+01    1.7407625891E+02    1.0635721019E+00    8.6194792620E+04    2.3160145171E+05    5.1679521130E-01
    4.3862651590E+01   -8.5074922600E+00    1.8692954163E+02    3.3282715283E+01    1.8986940952E+02    1.0362113138E+00    8.3122764556E+04    2.2648482377E+05    5.6657206460E-01
    4.6140666000E+01   -8.0555052300E+00    2.0256274269E+02    3.3372789635E+01    2.0529346754E+02    1.0081133768E+00    8.0002783980E+04    2.2125063465E+05    6.1590432129E-01
    4.8476822510E+01   -7.6555073200E+00    2.2030352088E+02    3.2103604152E+01    2.2263037239E+02    9.7505354404E-01    7.6374522550E+04    2.1510022113E+05    6.7229576167E-01
    5.0841350160E+01   -7.3448003800E+00    2.4035798624E+02    2.8850287066E+01    2.4208325141E+02    9.3538409690E-01    7.2081289241E+04    2.0761198850E+05    7.3702877507E-01
    5.3226837000E+01   -7.1254835900E+00    2.6145045020E+02    2.3893049942E+01    2.6253993171E+02    8.9140110715E-01    6.7396243647E+04    1.9921150733E+05    8.0695643440E-01
    5.5625722490E+01   -6.9990475800E+00    2.8335332483E+02    1.6793289220E+01    2.8385052625E+02    8.4322856820E-01    6.2374086614E+04    1.8990515214E+05    8.8205617018E-01
    5.8030348200E+01   -6.9663654600E+00    3.0423713691E+02    8.6344747038E+00    3.0435963863E+02    7.9443713691E-01    5.7392824966E+04    1.8027832094E+05    9.5702660189E-01
    6.0354140500E+01   -6.9907111600E+00    3.2183843186E+02   -3.2117354195E-01    3.2183859211E+02    7.5123443819E-01    5.3090752316E+04    1.7163334216E+05    1.0231808577E+00
    6.3240039320E+01   -7.0209487600E+00    3.3375759540E+02   -5.8263970786E+00    3.3380844716E+02    7.1956485046E-01    4.9998722134E+04    1.6508666998E+05    1.0702588373E+00
    6.6824071790E+01   -7.0585044400E+00    3.4255596349E+02   -5.8884868236E+00    3.4260657087E+02    6.9750605476E-01    4.7872181769E+04    1.6061682754E+05    1.1052589764E+00
    7.1275197690E+01   -7.1051500400E+00    3.5045199369E+02   -4.2567392454E+00    3.5047784482E+02    6.7679707604E-01    4.5901685167E+04    1.5632130248E+05    1.1373954162E+00
    7.6803285570E+01   -7.1630865600E+00    3.5866486092E+02   -3.5463054673E+00    3.5868239258E+02    6.5661149849E-01    4.4003357261E+04    1.5224593200E+05    1.1710012963E+00
    8.3669020900E+01   -7.2350480800E+00    3.6601739225E+02   -3.6443141603E+00    3.6603553441E+02    6.3591909808E-01    4.2083445898E+04    1.4780947500E+05    1.2025538074E+00
    9.2196213100E+01   -7.3244309200E+00    3.7305313316E+02   -3.7424247662E+00    3.7307190447E+02    6.1869036376E-01    4.0502546649E+04    1.4431184753E+05    1.2323215318E+00
    1.0278708136E+02   -7.4354539500E+00    3.7628646686E+02   -3.7902713539E+00    3.7630555577E+02    6.0373330293E-01    3.9144447610E+04    1.4060720922E+05    1.2490047628E+00
    1.1594123145E+02   -7.5733578700E+00    3.7628598686E+02   -3.7902333996E+00    3.7630507541E+02    6.0373435961E-01    3.9144542719E+04    1.4060741268E+05    1.2490027441E+00
   -5.9964345900E+00   -1.3362947100E+01    9.2566869784E+01    0.0000000000E+00    9.2566869784E+01    1.1549334927E+00    9.6320454340E+04    2.4574923207E+05    2.7090111146E-01
    5.2161465600E+00   -1.1752812630E+01    9.2566871366E+01    6.8231675855E+00    9.2818000897E+01    1.1691927321E+00    9.8069994661E+04    2.5021139033E+05    2.7085893734E-01
    1.4423253910E+01   -1.0430663410E+01    1.0249993208E+02    1.1390573568E+01    1.0313089374E+02    1.1582558713E+00    9.6854966867E+04    2.4829701103E+05    3.0141583908E-01
    2.1983651180E+01   -9.3449799500E+00    1.1392445111E+02    1.4915045905E+01    1.1489664553E+02    1.1465443793E+00    9.5556842274E+04    2.4646000896E+05    3.3636273218E-01
    2.8191934920E+01   -8.4534576600E+00    1.2742764816E+02    1.7629132508E+01    1.2864133018E+02    1.1294612893E+00    9.3625601955E+04    2.4340950182E+05    3.7761989587E-01
    3.3290003650E+01   -7.7213597500E+00    1.4172141017E+02    1.9929013518E+01    1.4311577020E+02    1.1101368060E+00    9.1440561674E+04    2.3997038387E+05    4.2144633614E-01
    3.7476477340E+01   -7.1201645300E+00    1.5679793363E+02    2.1822746388E+01    1.5830926774E+02    1.0875018626E+00    8.8877837073E+04    2.3582198296E+05    4.6801587919E-01
    4.0914434980E+01   -6.6264542400E+00    1.7221138086E+02    2.3212980097E+01    1.7376881810E+02    1.0628815087E+00    8.6105641564E+04    2.3131127749E+05    5.1598188136E-01
    4.3737770880E+01   -6.2210022000E+00    1.8756410333E+02    2.3880278929E+01    1.8907818642E+02    1.0362983522E+00    8.3123147209E+04    2.2633199153E+05    5.6423344436E-01
    4.6056416230E+01   -5.8880229900E+00    2.0237447736E+02    2.3791820744E+01    2.0376820120E+02    1.0096430506E+00    8.0163027096E+04    2.2136850452E+05    6.1118019082E-01
    4.8408137220E+01   -5.5958914200E+00    2.1888026198E+02    2.2897780840E+01    2.2007470880E+02    9.7865565766E-01    7.6761369459E+04    2.1560297842E+05    6.6412482812E-01
    5.0780590450E+01   -5.3690054800E+00    2.3753517409E+02    2.0776824683E+01    2.3844210068E+02    9.4150159479E-01    7.2733142400E+04    2.0859722094E+05    7.2504218493E-01
    5.3168361700E+01   -5.2089091700E+00    2.5721527063E+02    1.7627438709E+01    2.5781858358E+02    9.0003650231E-01    6.8306389465E+04    2.0067887674E+05    7.9095103174E-01
    5.5565927200E+01   -5.1167032100E+00    2.7798072916E+02    1.3029272734E+01    2.7828591005E+02    8.5425493167E-01    6.3511586459E+04    1.9185701887E+05    8.6257023351E-01
    5.7967690580E+01   -5.0930386100E+00    2.9815614277E+02    7.7294882793E+00    2.9825631672E+02    8.0702409617E-01    5.8665086487E+04    1.8255786907E+05    9.3492984982E-01
    6.0307875150E+01   -5.1107941200E+00    3.1699030181E+02    1.4283844429E+00    3.1699352000E+02    7.6175931655E-01    5.4126175521E+04    1.7358809002E+05    1.0050590605E+00
    6.3211094320E+01   -5.1328239300E+00    3.3182170140E+02   -3.5439540407E+00    3.3184062610E+02    7.2319153641E-01    5.0344277041E+04    1.6567896813E+05    1.0629605566E+00
    6.6812864390E+01   -5.1601571200E+00    3.4240625228E+02   -4.3180512503E+00    3.4243347846E+02    6.9616421983E-01    4.7736402970E+04    1.6015735483E+05    1.1052059221E+00
    7.1281332250E+01   -5.1940709200E+00    3.5044899898E+02   -3.1079575072E+00    3.5046278017E+02    6.7504041500E-01    4.5727122669E+04    1.5577344274E+05    1.1380355641E+00
    7.6825135030E+01   -5.2361502200E+00    3.5841845292E+02   -2.5030395329E+00    3.5842719289E+02    6.5595841998E-01    4.3933341178E+04    1.5196885931E+05    1.1705176646E+00
    8.3703152770E+01   -5.2883617100E+00    3.6575422399E+02   -2.6213569006E+00    3.6576361749E+02    6.3585224989E-01    4.2068223542E+04    1.4770367722E+05    1.2018146835E+00
    9.2236609220E+01   -5.3531458500E+00    3.7287419887E+02   -2.7333243271E+00    3.7288421695E+02    6.1871332221E-01    4.0495943221E+04    1.4425362468E+05    1.2318248409E+00
    1.0282408490E+02   -5.4335309500E+00    3.7622562836E+02   -2.7679661596E+00    3.7623581046E+02    6.0380789282E-01    3.9142839704E+04    1.4059262484E+05    1.2488760585E+00
    1.1596013811E+02   -5.5332747900E+00    3.7622516461E+02   -2.7679362149E+00    3.7623534650E+02    6.0380894966E-01    3.9142934844E+04    1.4059283209E+05    1.2488740936E+00
   -6.6704928300E+00   -7.3647144600E+00    9.4733769458E+01    0.0000000000E+00    9.4733769458E+01    1.1529272245E+00    9.6086286310E+04    2.4538918101E+05    2.7733906266E-01
    4.6581115200E+00   -6.4783326400E+00    9.4733770959E+01    3.5320501080E+00    9.4799592500E+01    1.1654172617E+00    9.7611109721E+04    2.4926455505E+05    2.7684300252E-01
    1.3967113450E+01   -5.7499635300E+00    1.0386042772E+02    6.0666335323E+00    1.0403745715E+02    1.1558558723E+00    9.6559014441E+04    2.4765290816E+05    3.0421536181E-01
    2.1616603960E+01   -5.1514304700E+00    1.1502826700E+02    8.0576132389E+00    1.1531013546E+02    1.1444251936E+00    9.5297656405E+04    2.4585252423E+05    3.3771943902E-01
    2.7902475700E+01   -4.6595809700E+00    1.2837681844E+02    9.5933734382E+00    1.2873476736E+02    1.1276796755E+00    9.3412064354E+04    2.4287447572E+05    3.7802735388E-01
    3.3067867310E+01   -4.2553912100E+00    1.4265993188E+02    1.0876121468E+01    1.4307391860E+02    1.1084099611E+00    9.1238918777E+04    2.3944195391E+05    4.2146022940E-01
    3.7312563820E+01   -3.9232302900E+00    1.5767541023E+02    1.1901152444E+01    1.5812391477E+02    1.0859049023E+00    8.8695975781E+04    2.3531547321E+05    4.6760320474E-01
    4.0800723150E+01   -3.6502555300E+00    1.7290336509E+02    1.2619451413E+01    1.7336327239E+02    1.0616191149E+00    8.5964943855E+04    2.3086574758E+05    5.1489271961E-01
    4.3667227040E+01   -3.4259153100E+00    1.8784723173E+02    1.2921890359E+01    1.8829115146E+02    1.0357511648E+00    8.3065247723E+04    2.2602365116E+05    5.6193220970E-01
    4.6022901230E+01   -3.2415403800E+00    2.0205591826E+02    1.2818535620E+01    2.0246211734E+02    1.0102480521E+00    8.0233014663E+04    2.2128802962E+05    6.0717965643E-01
    4.8386804760E+01   -3.0809501100E+00    2.1763938341E+02    1.2309843040E+01    2.1798723230E+02    9.8101112391E-01    7.7022030524E+04    2.1586313221E+05    6.5750116042E-01
    5.0762120780E+01   -2.9562725900E+00    2.3522867466E+02    1.1160247322E+01    2.3549327061E+02    9.4623825211E-01    7.3244416411E+04    2.0934884649E+05    7.1536464471E-01
    5.3145870510E+01   -2.8683655600E+00    2.5374634975E+02    9.5039317437E+00    2.5392426967E+02    9.0744194450E-01    6.9091022361E+04    2.0198236565E+05    7.7774783254E-01
    5.5535014160E+01   -2.8178438200E+00    2.7355385244E+02    7.1171444554E+00    2.7364642137E+02    8.6447806422E-01    6.4569275820E+04    1.9379027006E+05    8.4623266679E-01
    5.7926471090E+01   -2.8050758000E+00    2.9300425687E+02    4.3671851132E+00    2.9303680119E+02    8.1947457057E-01    5.9925355054E+04    1.8499776058E+05    9.1584204986E-01
    6.0284896260E+01   -2.8146985600E+00    3.1239927420E+02    1.0132018685E+00    3.1240091725E+02    7.7417601586E-01    5.5351554015E+04    1.7615648102E+05    9.8742297876E-01
    6.3207071230E+01   -2.8266229700E+00    3.2974196642E+02   -2.0645741597E+00    3.2974842970E+02    7.3046305124E-01    5.1043338782E+04    1.6732144148E+05    1.0542614044E+00
    6.6827789080E+01   -2.8413995900E+00    3.4243086857E+02   -2.7746570441E+00    3.4244210967E+02    6.9770766874E-01    4.7879498799E+04    1.6060764952E+05    1.1048036402E+00
    7.1314080610E+01   -2.8597108000E+00    3.5091620047E+02   -1.9684641262E+00    3.5092172148E+02    6.7466046121E-01    4.5687636239E+04    1.5575997759E+05    1.1396972965E+00
    7.6872925810E+01   -2.8824023000E+00    3.5861627303E+02   -1.4256818465E+00    3.5861910692E+02    6.5591023527E-01    4.3925025867E+04    1.5199010619E+05    1.1712122277E+00
    8.3760809580E+01   -2.9105221200E+00    3.6579559802E+02   -1.4225707932E+00    3.6579836418E+02    6.3608569197E-01    4.2085622761E+04    1.4777087501E+05    1.2019009419E+00
    9.2295561990E+01   -2.9453690500E+00    3.7287945642E+02   -1.4814846123E+00    3.7288239945E+02    6.1887666774E-01    4.0506551692E+04    1.4429108243E+05    1.2318200958E+00
    1.0287102821E+02   -2.9885526000E+00    3.7624215108E+02   -1.5014415696E+00    3.7624514691E+02    6.0392202920E-01    3.9148757970E+04    1.4061762013E+05    1.2489306698E+00
    1.1597524390E+02   -3.0420673400E+00    3.7624169810E+02   -1.5014241691E+00    3.7624469387E+02    6.0392308607E-01    3.9148853124E+04    1.4061782988E+05    1.2489287410E+00
   -6.9630203200E+00    0.0000000000E+00    9.5558030465E+01    0.0000000000E+00    9.5558030465E+01    1.1521524388E+00    9.5995898312E+04    2.4525009199E+05    2.7978975331E-01
    4.4008166800E+00    0.0000000000E+00    9.5558031938E+01   -2.6294524743E-14    9.5558031938E+01    1.1639521727E+00    9.7433933377E+04    2.4889905349E+05    2.7913585737E-01
    1.3746858780E+01    0.0000000000E+00    1.0441154338E+02    3.2717973322E-14    1.0441154338E+02    1.1547531878E+00    9.6425227248E+04    2.4735749517E+05    3.0537518772E-01
    2.1433400420E+01    0.0000000000E+00    1.1548178408E+02    6.6744762151E-15    1.1548178408E+02    1.1433409787E+00    9.5168337154E+04    2.4554466480E+05    3.3829151970E-01
    2.7755105560E+01    0.0000000000E+00    1.2876712949E+02   -2.9487154329E-15    1.2876712949E+02    1.1266584921E+00    9.3293504728E+04    2.4257430920E+05    3.7819121779E-01
    3.2954317080E+01    0.0000000000E+00    1.4303705991E+02    3.2445057623E-14    1.4303705991E+02    1.1073664171E+00    9.1120956183E+04    2.3913052771E+05    4.2142577776E-01
    3.7230347020E+01    0.0000000000E+00    1.5801572237E+02   -1.7232881654E-14    1.5801572237E+02    1.0848929087E+00    8.8584504213E+04    2.3500558897E+05    4.6735924585E-01
    4.0747117210E+01    0.0000000000E+00    1.7315767659E+02   -4.6883946633E-14    1.7315767659E+02    1.0607359897E+00    8.5870166981E+04    2.3057774916E+05    5.1435176024E-01
    4.3639443200E+01    0.0000000000E+00    1.8793753457E+02   -1.1224760448E-14    1.8793753457E+02    1.0351447002E+00    8.3003160850E+04    2.2578882506E+05    5.6092232231E-01
    4.6018202460E+01    0.0000000000E+00    2.0192997067E+02   -3.1057894310E-14    2.0192997067E+02    1.0100470006E+00    8.0216485702E+04    2.2113390759E+05    6.0558587965E-01
    4.8396961720E+01    0.0000000000E+00    2.1718930786E+02   -4.7497702156E-15    2.1718930786E+02    9.8140140617E-01    7.7070471977E+04    2.1582311871E+05    6.5501878050E-01
    5.0775720980E+01    0.0000000000E+00    2.3442934604E+02   -1.6933094343E-14    2.3442934604E+02    9.4737168927E-01    7.3371661392E+04    2.0946156247E+05    7.1194096486E-01
    5.3154480230E+01    0.0000000000E+00    2.5256812341E+02   -4.2137872396E-15    2.5256812341E+02    9.0931666993E-01    6.9294691257E+04    2.0223968202E+05    7.7325389083E-01
    5.5533239490E+01    0.0000000000E+00    2.7206795361E+02   -1.5515526173E-14    2.7206795361E+02    8.6712921799E-01    6.4848574534E+04    1.9421430985E+05    8.4082393363E-01
    5.7911998750E+01    0.0000000000E+00    2.9129394445E+02   -3.3389593317E-14    2.9129394445E+02    8.2266078009E-01    6.0252496870E+04    1.8553351510E+05    9.0968348579E-01
    6.0290758010E+01    0.0000000000E+00    3.1083802215E+02   -1.7309932285E-14    3.1083802215E+02    7.7728993708E-01    5.5662361635E+04    1.7670688822E+05    9.8170460324E-01
    6.3233671320E+01    0.0000000000E+00    3.2906171234E+02   -2.0206558449E-14    3.2906171234E+02    7.3173008098E-01    5.1165061109E+04    1.6752910859E+05    1.0517246221E+00
    6.6874535250E+01    0.0000000000E+00    3.4253293234E+02   -2.2857183718E-14    3.4253293234E+02    6.9678631658E-01    4.7789561575E+04    1.6035045852E+05    1.1054054417E+00
    7.1378877970E+01    0.0000000000E+00    3.5111394465E+02   -2.6927330871E-14    3.5111394465E+02    6.7317381072E-01    4.5545037152E+04    1.5535736388E+05    1.1408462934E+00
    7.6951484820E+01    0.0000000000E+00    3.5860917156E+02   -1.5368492933E-14    3.5860917156E+02    6.5499928307E-01    4.3837604226E+04    1.5171064064E+05    1.1715326088E+00
    8.3845708720E+01    0.0000000000E+00    3.6569478220E+02   -3.5728032934E-14    3.6569478220E+02    6.3571545659E-01    4.2049229028E+04    1.4763103644E+05    1.2017305801E+00
    9.2374988520E+01    0.0000000000E+00    3.7278775752E+02   -5.8071160710E-14    3.7278775752E+02    6.1873210801E-01    4.0491436618E+04    1.4422141239E+05    1.2315934135E+00
    1.0292709926E+02    0.0000000000E+00    3.7620101303E+02   -2.5322073686E-14    3.7620101303E+02    6.0389771426E-01    3.9144874826E+04    1.4059616402E+05    1.2488209663E+00
    1.1598178864E+02    0.0000000000E+00    3.7620056408E+02   -2.5286266897E-14    3.7620056408E+02    6.0389877099E-01    3.9144969970E+04    1.4059637466E+05    1.2488190509E+00
   -6.6704928300E+00    7.3647144600E+00    9.4733769458E+01   -0.0000000000E+00    9.4733769458E+01    1.1529272245E+00    9.6086286310E+04    2.4538918101E+05    2.7733906266E-01
    4.6581115200E+00    6.4783326400E+00    9.4733769458E+01   -3.5320501340E+00    9.4799591000E+01    1.1654172631E+00    9.7611109891E+04    2.4926455532E+05    2.7684299807E-01
    1.3967113450E+01    5.7499635300E+00    1.0386042632E+02   -6.0666335592E+00    1.0403745575E+02    1.1558558734E+00    9.6559014577E+04    2.4765290834E+05    3.0421535767E-01
    2.1616603960E+01    5.1514304700E+00    1.1502826563E+02   -8.0576132434E+00    1.1531013409E+02    1.1444251947E+00    9.5297656534E+04    2.4585252438E+05    3.3771943495E-01
    2.7902475700E+01    4.6595809700E+00    1.2837681706E+02   -9.5933733933E+00    1.2873476597E+02    1.1276796766E+00    9.3412064478E+04    2.4287447584E+05    3.7802734973E-01
    3.3067867310E+01    4.2553912100E+00    1.4265993038E+02   -1.0876121354E+01    1.4307391709E+02    1.1084099623E+00    9.1238918922E+04    2.3944195405E+05    4.2146022486E-01
    3.7312563820E+01    3.9232302900E+00    1.5767540849E+02   -1.1901152234E+01    1.5812391302E+02    1.0859049039E+00    8.8695975962E+04    2.3531547338E+05    4.6760319943E-01
    4.0800723150E+01    3.6502555300E+00    1.7290336298E+02   -1.2619451107E+01    1.7336327027E+02    1.0616191172E+00    8.5964944111E+04    2.3086574786E+05    5.1489271309E-01
    4.3667227040E+01    3.4259153100E+00    1.8784722913E+02   -1.2921889939E+01    1.8829114884E+02    1.0357511680E+00    8.3065248070E+04    2.2602365157E+05    5.6193220155E-01
    4.6022901230E+01    3.2415403800E+00    2.0205591504E+02   -1.2818535124E+01    2.0246211410E+02    1.0102480565E+00    8.0233015143E+04    2.2128803025E+05    6.0717964621E-01
    4.8386804760E+01    3.0809501100E+00    2.1763937938E+02   -1.2309842443E+01    2.1798722824E+02    9.8101112987E-01    7.7022031167E+04    2.1586313309E+05    6.5750114743E-01
    5.0762120780E+01    2.9562725900E+00    2.3522866935E+02   -1.1160246687E+01    2.3549326528E+02    9.4623826075E-01    7.3244417335E+04    2.0934884785E+05    7.1536462728E-01
    5.3145870510E+01    2.8683655600E+00    2.5374634271E+02   -9.5039310437E+00    2.5392426261E+02    9.0744195690E-01    6.9091023663E+04    2.0198236768E+05    7.7774780891E-01
    5.5535014160E+01    2.8178438200E+00    2.7355384250E+02   -7.1171438153E+00    2.7364641142E+02    8.6447808300E-01    6.4569277764E+04    1.9379027326E+05    8.4623263247E-01
    5.7926471090E+01    2.8050758000E+00    2.9300424238E+02   -4.3671845830E+00    2.9303678670E+02    8.1947459978E-01    5.9925358015E+04    1.8499776576E+05    9.1584199826E-01
    6.0284896260E+01    2.8146985600E+00    3.1239925040E+02   -1.0132020901E+00    3.1240089345E+02    7.7417606597E-01    5.5351558996E+04    1.7615649016E+05    9.8742289107E-01
    6.3207071230E+01    2.8266229700E+00    3.2974192470E+02    2.0645715158E+00    3.2974838795E+02    7.3046314276E-01    5.1043347672E+04    1.6732145863E+05    1.0542612452E+00
    6.6827789080E+01    2.8413995900E+00    3.4243080011E+02    2.7746521690E+00    3.4244204117E+02    6.9770782297E-01    4.7879513515E+04    1.6060767899E+05    1.1048033716E+00
    7.1314080610E+01    2.8597108000E+00    3.5091609581E+02    1.9684589951E+00    3.5092161679E+02    6.7466069882E-01    4.5687658613E+04    1.5576002337E+05    1.1396968781E+00
    7.6872925810E+01    2.8824023000E+00    3.5861611061E+02    1.4256746182E+00    3.5861894448E+02    6.5591060026E-01    4.3925059874E+04    1.5199017647E+05    1.1712115697E+00
    8.3760809580E+01    2.9105221200E+00    3.6579534941E+02    1.4225605561E+00    3.6579811554E+02    6.3608625091E-01    4.2085674175E+04    1.4777098308E+05    1.2018999189E+00
    9.2295561990E+01    2.9453690500E+00    3.7287908820E+02    1.4814674276E+00    3.7288203116E+02    6.1887748737E-01    4.0506626231E+04    1.4429124077E+05    1.2318185615E+00
    1.0287102821E+02    2.9885526000E+00    3.7624169810E+02    1.5014241691E+00    3.7624469387E+02    6.0392308607E-01    3.9148853124E+04    1.4061782988E+05    1.2489287410E+00
    1.1597524390E+02    3.0420673400E+00    3.7624169810E+02    1.5014241691E+00    3.7624469387E+02    6.0392308607E-01    3.9148853124E+04    1.4061782988E+05    1.2489287410E+00
