 TITLE = "Projeto1" 
 VARIABLES = "X" "Y" "u" "v" "q_vel_out" "rho" "p" "e" "mach" 
 ZONE I =           24  J =          13  DATAPACKING = POINT
    8.4500000000E-06   -3.5279003140E+01    6.9516323057E+01    0.0000000000E+00    6.9516323057E+01    1.1735003479E+00    9.8495245716E+04    2.4907359575E+05    2.0279477085E-01
    1.0306326720E+01   -3.1045768330E+01    6.9516324546E+01    2.5357358560E+01    7.3996722979E+01    1.2053162199E+00    1.0269214636E+05    2.6003022943E+05    2.1425469823E-01
    1.8746475060E+01   -2.7579047530E+01    9.2337592893E+01    3.6062345424E+01    9.9129833142E+01    1.1661722665E+00    9.8071404344E+04    2.5090833725E+05    2.8890197758E-01
    2.5658349530E+01   -2.4740052520E+01    1.0530153748E+02    4.1749487201E+01    1.1327591747E+02    1.1521042631E+00    9.6474481537E+04    2.4857777845E+05    3.3083636139E-01
    3.1318677600E+01   -2.2415119790E+01    1.1929745127E+02    4.7392956314E+01    1.2836656180E+02    1.1328823640E+00    9.4260549082E+04    2.4498517588E+05    3.7611037765E-01
    3.5954079200E+01   -2.0511167100E+01    1.3291759059E+02    5.2811592630E+01    1.4302499853E+02    1.1136900196E+00    9.2064540499E+04    2.4155225641E+05    4.2042051807E-01
    3.9750139730E+01   -1.8951966780E+01    1.4733567205E+02    5.8469025656E+01    1.5851317680E+02    1.0910834724E+00    8.9481948168E+04    2.3741238515E+05    4.6780259348E-01
    4.2858840280E+01   -1.7675093850E+01    1.6276444763E+02    6.4332905482E+01    1.7501710813E+02    1.0653411613E+00    8.6567234481E+04    2.3273431244E+05    5.1890047409E-01
    4.5404642460E+01   -1.6629426760E+01    1.8076261836E+02    7.0864153536E+01    1.9415677287E+02    1.0328285857E+00    8.2917925906E+04    2.2676200816E+05    5.7913316555E-01
    4.7489471440E+01   -1.5773100850E+01    2.0503948362E+02    7.6025112374E+01    2.1868014898E+02    9.8719892658E-01    7.7885104476E+04    2.1831718485E+05    6.5799179345E-01
    4.9607350680E+01   -1.5003262190E+01    2.3679465194E+02    7.4181220878E+01    2.4814221874E+02    9.2581632625E-01    7.1213249682E+04    2.0653649100E+05    7.5616863363E-01
    5.1781269800E+01   -1.4409848660E+01    2.6974769602E+02    6.3631770685E+01    2.7715126149E+02    8.5917835566E-01    6.4182012610E+04    1.9345298847E+05    8.5701384896E-01
    5.3996560260E+01   -1.3996868810E+01    3.0043506841E+02    4.7443776120E+01    3.0415808755E+02    7.9284748877E-01    5.7399657245E+04    1.8017315294E+05    9.5537864368E-01
    5.6238272770E+01   -1.3767109600E+01    3.2776566209E+02    2.5903808451E+01    3.2878767698E+02    7.3005810108E-01    5.1180471293E+04    1.6741130647E+05    1.0494894707E+00
    5.8491279600E+01   -1.3722117420E+01    3.4183589536E+02    4.9888710987E+00    3.4187229808E+02    6.9050539069E-01    4.7418416265E+04    1.5889802538E+05    1.1025794855E+00
    6.0744619520E+01   -1.3769711210E+01    3.3956921167E+02   -5.2537880416E+00    3.3960985233E+02    6.9372554822E-01    4.7737694089E+04    1.5934960187E+05    1.0941563596E+00
    6.3553982470E+01   -1.3829049520E+01    3.3626832317E+02   -6.8592798210E+00    3.3633827449E+02    7.0389555778E-01    4.8710976586E+04    1.6159098311E+05    1.0805701539E+00
    6.7056569970E+01   -1.3903029860E+01    3.4098793360E+02   -7.2013348866E+00    3.4106396773E+02    6.9539112684E-01    4.7878491458E+04    1.6014178644E+05    1.0985407346E+00
    7.1423438710E+01   -1.3995265220E+01    3.4935732181E+02   -7.3730095910E+00    3.4943511497E+02    6.7505392450E-01    4.5925531570E+04    1.5602752476E+05    1.1322560889E+00
    7.6867854440E+01   -1.4110260120E+01    3.5865280909E+02   -7.5246592409E+00    3.5873173538E+02    6.5295110432E-01    4.3832487481E+04    1.5159485407E+05    1.1701675547E+00
    8.3655707370E+01   -1.4253630600E+01    3.6665191970E+02   -7.6502845644E+00    3.6673172357E+02    6.3107154078E-01    4.1791450167E+04    1.4691571181E+05    1.2044257687E+00
    9.2118497430E+01   -1.4432378480E+01    3.7431205956E+02   -7.7562003918E+00    3.7439240988E+02    6.1294807937E-01    4.0120369365E+04    1.4325929043E+05    1.2367798493E+00
    1.0266952384E+02   -1.4655233290E+01    3.7758523746E+02   -7.7721821946E+00    3.7766521995E+02    5.9711614189E-01    3.8673579939E+04    1.3926759155E+05    1.2541953655E+00
    1.1582405090E+02   -1.4933078770E+01    3.7758493312E+02   -7.7721724788E+00    3.7766491548E+02    5.9711649037E-01    3.8673610471E+04    1.3926762407E+05    1.2541942252E+00
   -3.7493654000E-01   -3.4351956070E+01    6.9516324546E+01    0.0000000000E+00    6.9516324546E+01    1.1735003469E+00    9.8495245594E+04    2.4907359557E+05    2.0279477523E-01
    9.9825822500E+00   -3.0229171540E+01    6.9516326035E+01    2.5357359091E+01    7.3996724559E+01    1.2053162196E+00    1.0269214637E+05    2.6003022959E+05    2.1425470278E-01
    1.8465667490E+01   -2.6852503770E+01    9.2337594971E+01    3.6062346213E+01    9.9129835365E+01    1.1661722657E+00    9.8071404323E+04    2.5090833745E+05    2.8890198399E-01
    2.5413537970E+01   -2.4086928300E+01    1.0530154010E+02    4.1749488210E+01    1.1327592027E+02    1.1521042621E+00    9.6474481517E+04    2.4857777876E+05    3.3083636946E-01
    3.1104036770E+01   -2.1821850880E+01    1.1929745440E+02    4.7392957535E+01    1.2836656516E+02    1.1328823627E+00    9.4260549070E+04    2.4498517633E+05    3.7611038731E-01
    3.5764723450E+01   -1.9966692010E+01    1.3291759418E+02    5.2811594042E+01    1.4302500239E+02    1.1136900181E+00    9.2064540483E+04    2.4155225697E+05    4.2042052915E-01
    3.9581973480E+01   -1.8447265030E+01    1.4733567607E+02    5.8469027259E+01    1.5851318113E+02    1.0910834706E+00    8.9481948158E+04    2.3741238585E+05    4.6780260591E-01
    4.2708431140E+01   -1.7202809630E+01    1.6276445193E+02    6.4332907210E+01    1.7501711277E+02    1.0653411592E+00    8.6567234449E+04    2.3273431319E+05    5.1890048742E-01
    4.5269114030E+01   -1.6183562030E+01    1.8076262305E+02    7.0864155446E+01    1.9415677793E+02    1.0328285832E+00    8.2917925859E+04    2.2676200902E+05    5.7913318014E-01
    4.7366413090E+01   -1.5348765120E+01    2.0503948858E+02    7.6025114334E+01    2.1868015430E+02    9.8719892307E-01    7.7885104321E+04    2.1831718553E+05    6.5799180895E-01
    4.9504999150E+01   -1.4598047580E+01    2.3679465765E+02    7.4181222824E+01    2.4814222477E+02    9.2581632169E-01    7.1213249422E+04    2.0653649160E+05    7.5616865152E-01
    5.1698067720E+01   -1.4018847730E+01    2.6974770226E+02    6.3631772342E+01    2.7715126795E+02    8.5917834940E-01    6.4182012185E+04    1.9345298870E+05    8.5701386862E-01
    5.3931360230E+01   -1.3615074210E+01    3.0043507589E+02    4.7443777478E+01    3.0415809516E+02    7.9284748102E-01    5.7399656682E+04    1.8017315300E+05    9.5537866758E-01
    5.6190344140E+01   -1.3389449650E+01    3.2776567094E+02    2.5903809314E+01    3.2878768587E+02    7.3005808978E-01    5.1180470404E+04    1.6741130577E+05    1.0494895001E+00
    5.8460312160E+01   -1.3343492330E+01    3.4183590816E+02    4.9888712731E+00    3.4187231088E+02    6.9050537275E-01    4.7418414765E+04    1.5889802360E+05    1.1025795299E+00
    6.0717878330E+01   -1.3389802890E+01    3.3956922837E+02   -5.2537886666E+00    3.3960986904E+02    6.9372552152E-01    4.7737691770E+04    1.5934959847E+05    1.0941564190E+00
    6.3531877740E+01   -1.3447528720E+01    3.3626834567E+02   -6.8592807439E+00    3.3633829700E+02    7.0389552408E-01    4.8710973588E+04    1.6159097904E+05    1.0805702336E+00
    6.7039463590E+01   -1.3519483110E+01    3.4098796300E+02   -7.2013360852E+00    3.4106399715E+02    6.9539108067E-01    4.7878487309E+04    1.6014178036E+05    1.0985408405E+00
    7.1411597120E+01   -1.3609173330E+01    3.4935736799E+02   -7.3730112572E+00    3.4943516118E+02    6.7505385495E-01    4.5925525265E+04    1.5602751564E+05    1.1322562580E+00
    7.6861381490E+01   -1.3720971250E+01    3.5865287931E+02   -7.5246619639E+00    3.5873180564E+02    6.5295099230E-01    4.3832477358E+04    1.5159483802E+05    1.1701678187E+00
    8.3654450210E+01   -1.3860326380E+01    3.6665204078E+02   -7.6502889059E+00    3.6673184472E+02    6.3107136385E-01    4.1791434257E+04    1.4691568818E+05    1.2044262270E+00
    9.2121916200E+01   -1.4034031630E+01    3.7431224258E+02   -7.7562077179E+00    3.7439259301E+02    6.1294780994E-01    4.0120345417E+04    1.4325925371E+05    1.2367805516E+00
    1.0267651289E+02   -1.4250554360E+01    3.7758554175E+02   -7.7721919091E+00    3.7766552438E+02    5.9711579346E-01    3.8673549411E+04    1.3926755903E+05    1.2541965055E+00
    1.1583269561E+02   -1.4520449310E+01    3.7758523746E+02   -7.7721821946E+00    3.7766521995E+02    5.9711614189E-01    3.8673579939E+04    1.3926759155E+05    1.2541953655E+00
   -8.1922002000E-01   -3.3214552130E+01    7.0869071053E+01    0.0000000000E+00    7.0869071053E+01    1.1725523079E+00    9.8383863315E+04    2.4890418644E+05    2.0677446175E-01
    9.5991315900E+00   -2.9227426920E+01    7.0869072325E+01    2.4392253620E+01    7.4949365901E+01    1.1992540174E+00    1.0193402344E+05    2.5820340782E+05    2.1727009426E-01
    1.8133277590E+01   -2.5961397340E+01    9.2367133142E+01    3.4183128757E+01    9.8489459215E+01    1.1655692697E+00    9.7982190038E+04    2.5060858721E+05    2.8709207762E-01
    2.5123991480E+01   -2.3286050360E+01    1.0556380225E+02    4.0071655456E+01    1.1291347978E+02    1.1517409658E+00    9.6416528784E+04    2.4838335614E+05    3.2982489677E-01
    3.0850429370E+01   -2.1094553290E+01    1.1973491829E+02    4.5686282810E+01    1.2815493395E+02    1.1325571987E+00    9.4209415512E+04    2.4482392130E+05    3.7553829574E-01
    3.5541258340E+01   -1.9299394780E+01    1.3350720586E+02    5.1014108263E+01    1.4292170324E+02    1.1132680315E+00    9.2004269804E+04    2.4138082228E+05    4.2017483960E-01
    3.9383786280E+01   -1.7828890980E+01    1.4808375019E+02    5.6498224493E+01    1.5849557231E+02    1.0905067613E+00    8.9406226830E+04    2.3721279352E+05    4.6782498721E-01
    4.2531441210E+01   -1.6624323360E+01    1.6367220248E+02    6.2087287927E+01    1.7505262405E+02    1.0645706702E+00    8.6471520260E+04    2.3248984436E+05    5.1910511549E-01
    4.5109898660E+01   -1.5637593960E+01    1.8140150584E+02    6.7942292325E+01    1.9370766998E+02    1.0326153248E+00    8.2883952322E+04    2.2658311840E+05    5.7785231339E-01
    4.7222101310E+01   -1.4829304830E+01    2.0404866252E+02    7.1729527226E+01    2.1628911612E+02    9.9114333704E-01    7.8298053107E+04    2.1892846195E+05    6.5037434155E-01
    4.9384793640E+01   -1.4102194370E+01    2.3351156542E+02    6.8735193588E+01    2.4341770277E+02    9.3706538441E-01    7.2391401943E+04    2.0874008734E+05    7.4016679072E-01
    5.1600068280E+01   -1.3540614770E+01    2.6511005741E+02    5.8127471363E+01    2.7140771078E+02    8.7655408896E-01    6.5938320894E+04    1.9713022964E+05    8.3633174583E-01
    5.3854166510E+01   -1.3148350710E+01    2.9518617729E+02    4.2483623770E+01    2.9822766061E+02    8.1436834178E-01    5.9493438364E+04    1.8494844921E+05    9.3252355463E-01
    5.6133064010E+01   -1.2928043990E+01    3.2297929212E+02    2.1945324063E+01    3.2372398797E+02    7.5310240194E-01    5.3325144461E+04    1.7277438035E+05    1.0281864118E+00
    5.8422566480E+01   -1.2881175950E+01    3.4017191170E+02    2.1770103832E+00    3.4017887778E+02    7.0768761767E-01    4.8935207225E+04    1.6328541414E+05    1.0933353973E+00
    6.0685277420E+01   -1.2925914190E+01    3.4172522443E+02   -7.0449971603E+00    3.4179783644E+02    7.0012666865E-01    4.8226862806E+04    1.6146357244E+05    1.1006496404E+00
    6.3504918180E+01   -1.2981665290E+01    3.3924375283E+02   -7.6362139844E+00    3.3932968570E+02    7.0560374054E-01    4.8770380558E+04    1.6254919419E+05    1.0908378582E+00
    6.7018581810E+01   -1.3051139870E+01    3.4332140922E+02   -7.2372920957E+00    3.4339768261E+02    6.9651760216E-01    4.7904145573E+04    1.6082772728E+05    1.1066565048E+00
    7.1397111430E+01   -1.3137716350E+01    3.5107481734E+02   -7.0382147010E+00    3.5114535999E+02    6.7591185211E-01    4.5944989176E+04    1.5653347407E+05    1.1382793845E+00
    7.6853409680E+01   -1.3245604970E+01    3.5988228941E+02   -7.0955173611E+00    3.5995223100E+02    6.5357033440E-01    4.3844755819E+04    1.5195200862E+05    1.1745410222E+00
    8.3652794060E+01   -1.3380052480E+01    3.6753824840E+02   -7.2566517441E+00    3.6760987886E+02    6.3150352881E-01    4.1798110733E+04    1.4716503029E+05    1.2076267395E+00
    9.2125901690E+01   -1.3547597450E+01    3.7495926798E+02   -7.4025628946E+00    3.7503233271E+02    6.1324958188E-01    4.0123431466E+04    1.4343512572E+05    1.2391511657E+00
    1.0268477089E+02   -1.3756388210E+01    3.7815649041E+02   -7.4616170028E+00    3.7823009792E+02    5.9732424502E-01    3.8675336584E+04    1.3941434946E+05    1.2562616081E+00
    1.1584286401E+02   -1.4016579340E+01    3.7815621967E+02   -7.4616050840E+00    3.7822982699E+02    5.9732459175E-01    3.8675367142E+04    1.3941438945E+05    1.2562605766E+00
   -1.3413917200E+00   -3.1817897940E+01    7.3562158347E+01    0.0000000000E+00    7.3562158347E+01    1.1706119656E+00    9.8156010591E+04    2.4855734609E+05    2.1470317927E-01
    9.1489013400E+00   -2.7997494540E+01    7.3562159380E+01    2.1928165750E+01    7.6760899850E+01    1.1982537069E+00    1.0176088547E+05    2.5793241034E+05    2.2261785369E-01
    1.7743498550E+01   -2.4867483350E+01    9.3403188489E+01    3.1988649414E+01    9.8729070244E+01    1.1659947392E+00    9.7990893828E+04    2.5065996022E+05    2.8783027012E-01
    2.4784987760E+01   -2.2303101760E+01    1.0630752947E+02    3.8089479198E+01    1.1292519315E+02    1.1520519139E+00    9.6417526947E+04    2.4838935754E+05    3.2990192914E-01
    3.0554060080E+01   -2.0202127720E+01    1.2044990293E+02    4.3576874484E+01    1.2809029278E+02    1.1328890406E+00    9.4217166156E+04    2.4483664037E+05    3.7538841841E-01
    3.5280679510E+01   -1.8480811930E+01    1.3431232534E+02    4.8711683435E+01    1.4287277152E+02    1.1135673002E+00    9.2010903750E+04    2.4139267737E+05    4.2007229368E-01
    3.9153247660E+01   -1.7070540360E+01    1.4902692850E+02    5.3894226598E+01    1.5847275185E+02    1.0907904297E+00    8.9412792958E+04    2.3722882680E+05    4.6780128513E-01
    4.2326113370E+01   -1.5915099610E+01    1.6477569873E+02    5.9008766113E+01    1.7502304240E+02    1.0648956241E+00    8.6483320567E+04    2.3251881005E+05    5.1906118528E-01
    4.4925726290E+01   -1.4968436220E+01    1.8256174105E+02    6.4025050095E+01    1.9346316531E+02    1.0332949650E+00    8.2934631380E+04    2.2667365853E+05    5.7713640319E-01
    4.7055679380E+01   -1.4192820810E+01    2.0448369522E+02    6.7371504376E+01    2.1529631026E+02    9.9295075979E-01    7.8471402324E+04    2.1919138146E+05    6.4726290562E-01
    4.9245912110E+01   -1.3494964160E+01    2.3211608272E+02    6.5578813908E+01    2.4120210756E+02    9.4008043653E-01    7.2712364328E+04    2.0912712530E+05    7.3298562010E-01
    5.1486408710E+01   -1.2955334700E+01    2.6193063346E+02    5.7279057022E+01    2.6812039669E+02    8.8027794591E-01    6.6349146483E+04    1.9751381750E+05    8.2538785809E-01
    5.3764019790E+01   -1.2577563400E+01    2.9069891210E+02    4.4133121177E+01    2.9402991324E+02    8.1852063977E-01    5.9963324757E+04    1.8529033574E+05    9.1812003162E-01
    5.6065340850E+01   -1.2364190610E+01    3.1787427427E+02    2.6108226148E+01    3.1894465619E+02    7.5725713089E-01    5.3800729674E+04    1.7301807766E+05    1.0112974570E+00
    5.8376803500E+01   -1.2316649350E+01    3.3573299947E+02    7.1300628480E+00    3.3580870259E+02    7.1060544327E-01    4.9275215780E+04    1.6325463369E+05    1.0777745559E+00
    6.0645767600E+01   -1.2359460680E+01    3.3869393544E+02   -4.6089644386E+00    3.3872529350E+02    7.0051159695E-01    4.8313646328E+04    1.6097065337E+05    1.0900749678E+00
    6.3472260180E+01   -1.2412793280E+01    3.3739736571E+02   -7.1011005288E+00    3.3747208480E+02    7.0496798276E-01    4.8735675294E+04    1.6198267638E+05    1.0847634388E+00
    6.6993298720E+01   -1.2479232650E+01    3.4218945826E+02   -7.0289687869E+00    3.4226164224E+02    6.9613856091E-01    4.7874702334E+04    1.6046064661E+05    1.1030342917E+00
    7.1379579410E+01   -1.2562000360E+01    3.5047170516E+02   -6.8150353282E+00    3.5053795917E+02    6.7585533576E-01    4.5932488474E+04    1.5635471220E+05    1.1364175240E+00
    7.6843756600E+01   -1.2665109890E+01    3.5966040327E+02   -6.8523001010E+00    3.5972567284E+02    6.5370030771E-01    4.3841278339E+04    1.5189844239E+05    1.1739650181E+00
    8.3650757510E+01   -1.2793561370E+01    3.6758904600E+02   -7.0098983034E+00    3.6765587907E+02    6.3170895201E-01    4.1797286830E+04    1.4718753362E+05    1.2079861838E+00
    9.2130632620E+01   -1.2953584120E+01    3.7516526159E+02   -7.1279499679E+00    3.7523296920E+02    6.1346786702E-01    4.0122461648E+04    1.4349422484E+05    1.2400497142E+00
    1.0269456436E+02   -1.3152938790E+01    3.7854466548E+02   -7.1537953456E+00    3.7861225621E+02    5.9752899483E-01    3.8674453079E+04    1.3951319898E+05    1.2577607920E+00
    1.1585479368E+02   -1.3401293890E+01    3.7854442985E+02   -7.1537814550E+00    3.7861202036E+02    5.9752933945E-01    3.8674483637E+04    1.3951324671E+05    1.2577598743E+00
   -1.9484990300E+00   -3.0101349610E+01    7.6167752283E+01    0.0000000000E+00    7.6167752283E+01    1.1686677261E+00    9.7927851699E+04    2.4820965763E+05    2.2238194976E-01
    8.6264727800E+00   -2.6485958430E+01    7.6167753090E+01    2.0413169117E+01    7.8855716878E+01    1.1924036094E+00    1.0101298450E+05    2.5623977767E+05    2.2897718187E-01
    1.7292317850E+01   -2.3523274230E+01    9.4181791578E+01    2.9645562098E+01    9.8737374975E+01    1.1651464396E+00    9.7849631677E+04    2.5030362584E+05    2.8795738279E-01
    2.4393725320E+01   -2.1095457340E+01    1.0703511784E+02    3.5745434306E+01    1.1284614537E+02    1.1515802101E+00    9.6323626928E+04    2.4814132392E+05    3.2976411514E-01
    3.0213167820E+01   -1.9105937190E+01    1.2121477514E+02    4.1059674175E+01    1.2798014907E+02    1.1326145742E+00    9.4150248545E+04    2.4465112230E+05    3.7515343844E-01
    3.4982117740E+01   -1.7475577610E+01    1.3520258939E+02    4.5986470465E+01    1.4280929817E+02    1.1132292690E+00    9.1939918502E+04    2.4120167099E+05    4.1998397331E-01
    3.8890251290E+01   -1.6139530400E+01    1.5005538658E+02    5.0854504030E+01    1.5843863046E+02    1.0903604375E+00    8.9334344585E+04    2.3702141125E+05    4.6781363612E-01
    4.2092992540E+01   -1.5044656460E+01    1.6588543258E+02    5.5513538594E+01    1.7492778427E+02    1.0644642770E+00    8.6407128971E+04    2.3230398201E+05    5.1890222795E-01
    4.4717696890E+01   -1.4147412240E+01    1.8335243357E+02    5.9738621564E+01    1.9283883894E+02    1.0336373444E+00    8.2944774580E+04    2.2658077825E+05    5.7533404034E-01
    4.6868719460E+01   -1.3412117490E+01    2.0366590387E+02    6.2004179495E+01    2.1289508843E+02    9.9685076101E-01    7.8867739719E+04    2.1976014008E+05    6.3968622614E-01
    4.9089521780E+01   -1.2750664590E+01    2.2885880701E+02    5.9588261645E+01    2.3648914240E+02    9.5030513123E-01    7.3779804911E+04    2.1102342420E+05    7.1731510206E-01
    5.1357759230E+01   -1.2238528860E+01    2.5673056612E+02    5.1590574058E+01    2.6186288571E+02    8.9641284981E-01    6.8002153186E+04    2.0073987054E+05    8.0353099969E-01
    5.3661025250E+01   -1.1879150670E+01    2.8427698047E+02    3.9373102921E+01    2.8699066685E+02    8.3925075868E-01    6.2026135808E+04    1.8962721440E+05    8.9220009254E-01
    5.5986671240E+01   -1.1674943080E+01    3.1098567161E+02    2.2798287462E+01    3.1182022041E+02    7.8062504360E-01    5.6053231274E+04    1.7808388670E+05    9.8347012024E-01
    5.8321892460E+01   -1.1627276230E+01    3.3102002976E+02    5.2317022845E+00    3.3106137016E+02    7.3062636845E-01    5.1128897318E+04    1.6786116404E+05    1.0576913387E+00
    6.0598429660E+01   -1.1667725950E+01    3.3806434971E+02   -6.0195430043E+00    3.3811793718E+02    7.0978930547E-01    4.9124057255E+04    1.6338302695E+05    1.0862300276E+00
    6.3433210150E+01   -1.1718096700E+01    3.3863366022E+02   -8.0291692857E+00    3.3872883460E+02    7.0732885032E-01    4.8893992155E+04    1.6281345454E+05    1.0888576006E+00
    6.6963154880E+01   -1.1780821780E+01    3.4328936138E+02   -7.1873016652E+00    3.4336459186E+02    6.9705060554E-01    4.7908292256E+04    1.6086159998E+05    1.1069252638E+00
    7.1358775240E+01   -1.1858931950E+01    3.5117398079E+02   -6.4605062697E+00    3.5123340235E+02    6.7652066164E-01    4.5953995601E+04    1.5661444188E+05    1.1389658066E+00
    7.6832415470E+01   -1.1956201640E+01    3.6007163770E+02   -6.3267388528E+00    3.6012721628E+02    6.5423756687E-01    4.3858355443E+04    1.5207045092E+05    1.1755293958E+00
    8.3648517490E+01   -1.2077331390E+01    3.6785742201E+02   -6.4959167581E+00    3.6791477255E+02    6.3212579184E-01    4.1808075307E+04    1.4730286638E+05    1.2090795513E+00
    9.2136404360E+01   -1.2228175150E+01    3.7536666582E+02   -6.6484778230E+00    3.7542553997E+02    6.1378790750E-01    4.0127361899E+04    1.4357336930E+05    1.2409339200E+00
    1.0270619947E+02   -1.2416023240E+01    3.7881226211E+02   -6.7117454606E+00    3.7887171635E+02    5.9779234475E-01    3.8676807016E+04    1.3959670319E+05    1.2588617429E+00
    1.1586863495E+02   -1.2649954860E+01    3.7881205422E+02   -6.7117302483E+00    3.7887150822E+02    5.9779268817E-01    3.8676837613E+04    1.3959675719E+05    1.2588609150E+00
   -2.6440171400E+00   -2.7989633500E+01    7.9463793218E+01    0.0000000000E+00    7.9463793218E+01    1.1661143008E+00    9.7628434686E+04    2.4775279785E+05    2.3210669739E-01
    8.0301409900E+00   -2.4626487800E+01    7.9463793870E+01    1.7788677112E+01    8.1430532171E+01    1.1893815712E+00    1.0060068568E+05    2.5544506809E+05    2.3663740129E-01
    1.6779571680E+01   -2.1869785270E+01    9.5666548946E+01    2.6786289240E+01    9.9345829698E+01    1.1650319415E+00    9.7789238707E+04    2.5022229283E+05    2.8980709062E-01
    2.3951377310E+01   -1.9610166800E+01    1.0821808605E+02    3.2890401675E+01    1.1310584720E+02    1.1515395062E+00    9.6274368497E+04    2.4805170493E+05    3.3060172932E-01
    2.9830081800E+01   -1.7757988250E+01    1.2229075087E+02    3.7965895103E+01    1.2804857258E+02    1.1327605411E+00    9.4126497156E+04    2.4460286128E+05    3.7542555486E-01
    3.4648898760E+01   -1.6239770220E+01    1.3634955311E+02    4.2586936880E+01    1.4284553835E+02    1.1133574740E+00    9.1916809824E+04    2.4115096948E+05    4.2016754711E-01
    3.8598979480E+01   -1.4995284460E+01    1.5130743193E+02    4.7018985338E+01    1.5844470310E+02    1.0905002389E+00    8.9314617844E+04    2.3697489834E+05    4.6791322219E-01
    4.1836995390E+01   -1.3975165280E+01    1.6718299881E+02    5.1089988881E+01    1.7481516540E+02    1.0647497632E+00    8.6405173505E+04    2.3228249224E+05    5.1864356088E-01
    4.4491355150E+01   -1.3138951090E+01    1.8443515899E+02    5.4464093239E+01    1.9230877599E+02    1.0345923820E+00    8.3017004831E+04    2.2667350398E+05    5.7376782891E-01
    4.6667302190E+01   -1.2453478970E+01    2.0371116836E+02    5.6150972727E+01    2.1130823896E+02    9.9963251590E-01    7.9141389431E+04    2.2017085521E+05    6.3470331217E-01
    4.8920542700E+01   -1.1837506060E+01    2.2705703830E+02    5.4497349621E+01    2.3350558827E+02    9.5548485342E-01    7.4318220148E+04    2.1184438918E+05    7.0761578800E-01
    5.1217767060E+01   -1.1359980810E+01    2.5300686216E+02    4.8419311474E+01    2.5759833467E+02    9.0351739549E-01    6.8749403264E+04    2.0185081580E+05    7.8924679325E-01
    5.3547474250E+01   -1.1024107310E+01    2.7906733774E+02    3.8638481247E+01    2.8172950010E+02    8.4795334040E-01    6.2932897884E+04    1.9098391375E+05    8.7400802317E-01
    5.5897937520E+01   -1.0832139080E+01    3.0477975549E+02    2.4854146086E+01    3.0579147786E+02    7.9021112354E-01    5.7043266493E+04    1.7955386618E+05    9.6190179691E-01
    5.8257283820E+01   -1.0785364750E+01    3.2545534780E+02    9.3752253366E+00    3.2559035345E+02    7.3900236301E-01    5.1969120004E+04    1.6909327968E+05    1.0376663738E+00
    6.0542934920E+01   -1.0822920750E+01    3.3467541737E+02   -3.0358851841E+00    3.3468918655E+02    7.1323115632E-01    4.9475618780E+04    1.6363600124E+05    1.0739824858E+00
    6.3387668370E+01   -1.0869665670E+01    3.3702763329E+02   -7.0778859942E+00    3.3710194611E+02    7.0700457510E-01    4.8869329595E+04    1.6234451869E+05    1.0836528146E+00
    6.6928278510E+01   -1.0927847880E+01    3.4232474133E+02   -6.7629168037E+00    3.4239153840E+02    6.9626708341E-01    4.7828352038E+04    1.6038325947E+05    1.1040893708E+00
    7.1335040140E+01   -1.1000266600E+01    3.5047661125E+02   -6.0099477608E+00    3.5052813654E+02    6.7621930022E-01    4.5912946666E+04    1.5632589075E+05    1.1369335020E+00
    7.6819904930E+01   -1.1090406260E+01    3.5958274263E+02   -5.8596413847E+00    3.5963048285E+02    6.5429898355E-01    4.3847161526E+04    1.5192948373E+05    1.1741128980E+00
    8.3646704750E+01   -1.1202604360E+01    3.6756913860E+02   -6.0534698029E+00    3.6761898230E+02    6.3231814888E-01    4.1806726301E+04    1.4724372797E+05    1.2083107897E+00
    9.2143852340E+01   -1.1342260220E+01    3.7522181024E+02   -6.2021064666E+00    3.7527306459E+02    6.1399205214E-01    4.0126244123E+04    1.4354982167E+05    1.2406534718E+00
    1.0272015028E+02   -1.1516094970E+01    3.7883035977E+02   -6.2399363294E+00    3.7888174711E+02    5.9799946597E-01    3.8676120367E+04    1.3961212470E+05    1.2591243188E+00
    1.1588445383E+02   -1.1732475150E+01    3.7883017209E+02   -6.2399201297E+00    3.7888155919E+02    5.9799980847E-01    3.8676150973E+04    1.3961218322E+05    1.2591235566E+00
   -3.4244493700E+00   -2.5389355320E+01    8.2756264552E+01    0.0000000000E+00    8.2756264552E+01    1.1634592213E+00    9.7317375614E+04    2.4727747205E+05    2.4183393922E-01
    7.3651011700E+00   -2.2336822080E+01    8.2756265090E+01    1.5584643899E+01    8.4210928846E+01    1.1835275741E+00    9.9860817198E+04    2.5384852437E+05    2.4501691777E-01
    1.6211961590E+01   -1.9833918240E+01    9.7086632431E+01    2.3726861576E+01    9.9943875036E+01    1.1635601454E+00    9.7574893851E+04    2.4974850671E+05    2.9168731379E-01
    2.3465973270E+01   -1.7781671750E+01    1.0942831520E+02    2.9540151119E+01    1.1334538674E+02    1.1505677175E+00    9.6120526961E+04    2.4769209078E+05    3.3142697389E-01
    2.9413995930E+01   -1.6098927260E+01    1.2342562901E+02    3.4253946691E+01    1.2809066617E+02    1.1321858781E+00    9.4022992517E+04    2.4434549198E+05    3.7566029784E-01
    3.4291232380E+01   -1.4719142240E+01    1.3758279715E+02    3.8494110484E+01    1.4286645027E+02    1.1127827118E+00    9.1816573981E+04    2.4089784022E+05    4.2034983324E-01
    3.8290524370E+01   -1.3587757280E+01    1.5262893920E+02    4.2436638213E+01    1.5841862689E+02    1.0899316164E+00    8.9218117481E+04    2.3672200704E+05    4.6796710327E-01
    4.1569977270E+01   -1.2660039290E+01    1.6846007158E+02    4.5894841263E+01    1.7459992031E+02    1.0643902591E+00    8.6334635351E+04    2.3206062724E+05    5.1812904627E-01
    4.4259214110E+01   -1.1899312610E+01    1.8527046143E+02    4.8470980314E+01    1.9150608296E+02    1.0352073119E+00    8.3055766063E+04    2.2662231175E+05    5.7140932937E-01
    4.6464505540E+01   -1.1275508220E+01    2.0310026022E+02    4.9411657472E+01    2.0902446650E+02    1.0031088447E+00    7.9494059341E+04    2.2064867677E+05    6.2753766632E-01
    4.8749833090E+01   -1.0716465510E+01    2.2423670251E+02    4.7575344183E+01    2.2922807884E+02    9.6394726133E-01    7.5203965550E+04    2.1333546513E+05    6.9360156239E-01
    5.1074933610E+01   -1.0282610490E+01    2.4803308687E+02    4.2091067895E+01    2.5157915291E+02    9.1730697664E-01    7.0180475742E+04    2.0448031813E+05    7.6870521428E-01
    5.3429410000E+01   -9.9768544500E+00    2.7248817833E+02    3.3554720374E+01    2.7454640152E+02    8.6651731944E-01    6.4815999618E+04    1.9469718532E+05    8.4839724602E-01
    5.5802659770E+01   -9.8012510800E+00    2.9704723510E+02    2.1622136064E+01    2.9783313558E+02    8.1237978797E-01    5.9238512194E+04    1.8412718307E+05    9.3215145006E-01
    5.8183946580E+01   -9.7569836600E+00    3.1855565938E+02    8.1238864537E+00    3.1865923124E+02    7.6100769823E-01    5.4078182306E+04    1.7383322662E+05    1.0102898004E+00
    6.0480449870E+01   -9.7909973100E+00    3.3156850976E+02   -3.5877881102E+00    3.3158792030E+02    7.2660835812E-01    5.0714037620E+04    1.6673058795E+05    1.0607689121E+00
    6.3336991030E+01   -9.8333085300E+00    3.3706423890E+02   -7.7649294719E+00    3.3715366715E+02    7.1109738319E-01    4.9213480904E+04    1.6344984478E+05    1.0831444235E+00
    6.6890192450E+01   -9.8859417600E+00    3.4305058551E+02   -6.9519061641E+00    3.4312101832E+02    6.9712103868E-01    4.7869224890E+04    1.6070980087E+05    1.1066472305E+00
    7.1310018090E+01   -9.9514159200E+00    3.5095711507E+02   -5.6100428309E+00    3.5100195042E+02    6.7667584219E-01    4.5923430036E+04    1.5649260856E+05    1.1387245633E+00
    7.6807912830E+01   -1.0032864870E+01    3.5977457109E+02   -5.2050614833E+00    3.5981222140E+02    6.5479707363E-01    4.3866532736E+04    1.5205292928E+05    1.1748937765E+00
    8.3646928990E+01   -1.0134187500E+01    3.6761738630E+02   -5.3754623504E+00    3.6765668538E+02    6.3275117121E-01    4.1823332528E+04    1.4732327427E+05    1.2086084076E+00
    9.2154324430E+01   -1.0260234460E+01    3.7520658842E+02   -5.5474638269E+00    3.7524759606E+02    6.1430586105E-01    4.0134039437E+04    1.4358553567E+05    1.2407657415E+00
    1.0273723471E+02   -1.0417040520E+01    3.7883256720E+02   -5.6088736077E+00    3.7887408652E+02    5.9824463049E-01    3.8679382939E+04    1.3963614162E+05    1.2593038194E+00
    1.1590215597E+02   -1.0612113640E+01    3.7883239390E+02   -5.6088572678E+00    3.7887391300E+02    5.9824497275E-01    3.8679413580E+04    1.3963620345E+05    1.2593031041E+00
   -4.2738442500E+00   -2.2184900350E+01    8.6268605924E+01    0.0000000000E+00    8.6268605924E+01    1.1605122839E+00    9.6972455915E+04    2.4674956404E+05    2.5222575792E-01
    6.6478971600E+00   -1.9515423210E+01    8.6268606389E+01    1.2723158453E+01    8.7201784439E+01    1.1790528490E+00    9.9290200750E+04    2.5270834995E+05    2.5396554218E-01
    1.5606661130E+01   -1.7325743600E+01    9.8917087354E+01    2.0062128700E+01    1.0093106152E+02    1.1624447013E+00    9.7404242147E+04    2.4943156347E+05    2.9468500559E-01
    2.2955320460E+01   -1.5529615580E+01    1.1094871432E+02    2.5457793359E+01    1.1383196586E+02    1.1497837909E+00    9.5990136942E+04    2.4742462853E+05    3.3296225458E-01
    2.8983332170E+01   -1.4056291840E+01    1.2478593903E+02    2.9712475126E+01    1.2827455616E+02    1.1317841866E+00    9.3941236825E+04    2.4416448528E+05    3.7629649812E-01
    3.3928121050E+01   -1.2847741360E+01    1.3900189539E+02    3.3458979365E+01    1.4297213093E+02    1.1123938375E+00    9.1739458740E+04    2.4071788488E+05    4.2076399771E-01
    3.7984425620E+01   -1.1856365270E+01    1.5409552411E+02    3.6805957390E+01    1.5843013934E+02    1.0895980616E+00    8.9150068458E+04    2.3654968623E+05    4.6810804687E-01
    4.1311967090E+01   -1.1043122710E+01    1.6984338859E+02    3.9585283980E+01    1.7439544534E+02    1.0643284601E+00    8.6299030659E+04    2.3193269786E+05    5.1761398225E-01
    4.4041742670E+01   -1.0375992950E+01    1.8621688117E+02    4.1415769541E+01    1.9076685457E+02    1.0359942886E+00    8.3115933958E+04    2.2664078324E+05    5.6921382160E-01
    4.6281190000E+01   -9.8287136300E+00    2.0296640531E+02    4.1889182156E+01    2.0724397522E+02    1.0058139093E+00    7.9766238508E+04    2.2101548280E+05    6.2196673604E-01
    4.8595101130E+01   -9.3407358100E+00    2.2242622350E+02    4.0500248185E+01    2.2608338064E+02    9.6934185932E-01    7.5769054275E+04    2.1419595776E+05    6.8343492932E-01
    5.0943648260E+01   -8.9617716300E+00    2.4437496357E+02    3.6466329760E+01    2.4708078846E+02    9.2544040444E-01    7.1035015178E+04    2.0583610471E+05    7.5372505177E-01
    5.3317779820E+01   -8.6943694800E+00    2.6720930675E+02    3.0103416426E+01    2.6889966399E+02    8.7717964915E-01    6.5923235625E+04    1.9652121636E+05    8.2899375288E-01
    5.5708264180E+01   -8.5403327900E+00    2.9049624145E+02    2.0925212767E+01    2.9124891558E+02    8.2509383903E-01    6.0537260025E+04    1.8633782652E+05    9.0874197997E-01
    5.8105751720E+01   -8.5007089600E+00    3.1192765287E+02    1.0325317234E+01    3.1209849855E+02    7.7400412830E-01    5.5372275942E+04    1.7612680889E+05    9.8617301094E-01
    6.0414966400E+01   -8.5303856400E+00    3.2723573664E+02   -4.9120997656E-01    3.2723610532E+02    7.3472208937E-01    5.1503324111E+04    1.6809660518E+05    1.0445785796E+00
    6.3285253050E+01   -8.5672758700E+00    3.3547702363E+02   -6.1308920591E+00    3.3553304043E+02    7.1233967332E-01    4.9327755739E+04    1.6341785192E+05    1.0776287326E+00
    6.6852991140E+01   -8.6131333500E+00    3.4254455576E+02   -6.1575312246E+00    3.4259989473E+02    6.9581536043E-01    4.7732904207E+04    1.6016781589E+05    1.1055064576E+00
    7.1287723850E+01   -8.6701386800E+00    3.5053229732E+02   -4.8758029265E+00    3.5056620618E+02    6.7578772686E-01    4.5824710388E+04    1.5608780488E+05    1.1377879148E+00
    7.6800225540E+01   -8.7410029000E+00    3.5933307704E+02   -4.4572396514E+00    3.5936072023E+02    6.5464791260E-01    4.3836251709E+04    1.5186128664E+05    1.1736910013E+00
    8.3652531920E+01   -8.8290965700E+00    3.6727212787E+02   -4.6666416386E+00    3.6730177437E+02    6.3289393914E-01    4.1819719131E+04    1.4724134629E+05    1.2076300772E+00
    9.2170409630E+01   -8.9386101600E+00    3.7496920387E+02   -4.8537211931E+00    3.7500061661E+02    6.1446881266E-01    4.0132466159E+04    1.4353614587E+05    1.2401378494E+00
    1.0275885745E+02   -9.0747535200E+00    3.7870121925E+02   -4.8987408965E+00    3.7873290209E+02    5.9841029538E-01    3.8678616201E+04    1.3961411133E+05    1.2590213137E+00
    1.1592136501E+02   -9.2440038400E+00    3.7870105635E+02   -4.8987251082E+00    3.7873273900E+02    5.9841063741E-01    3.8678646849E+04    1.3961417552E+05    1.2590206326E+00
   -5.1551058600E+00   -1.8233912820E+01    8.9619336655E+01    0.0000000000E+00    8.9619336655E+01    1.1575912244E+00    9.6630910631E+04    2.4622594618E+05    2.6215448006E-01
    5.9120680500E+00   -1.6037859170E+01    8.9619337069E+01    9.9386515737E+00    9.0168743874E+01    1.1735749175E+00    9.8611060032E+04    2.5129846823E+05    2.6289637487E-01
    1.4994471660E+01   -1.4235646750E+01    1.0073316339E+02    1.6044304646E+01    1.0200289171E+02    1.1602186395E+00    9.7110825523E+04    2.4881286339E+05    2.9797824792E-01
    2.2448120690E+01   -1.2756632780E+01    1.1245648029E+02    2.0655544294E+01    1.1433770800E+02    1.1480804970E+00    9.5760292199E+04    2.4690522265E+05    3.3459458081E-01
    2.8565187600E+01   -1.1542842250E+01    1.2613214406E+02    2.4241970914E+01    1.2844061242E+02    1.1305739431E+00    9.3774220777E+04    2.4376108598E+05    3.7691732803E-01
    3.3585439280E+01   -1.0546698350E+01    1.4040266842E+02    2.7348599540E+01    1.4304144573E+02    1.1112212570E+00    9.1581262858E+04    2.4032142576E+05    4.2110929678E-01
    3.7705629010E+01   -9.7291588800E+00    1.5550821085E+02    3.0017886556E+01    1.5837890376E+02    1.0885026063E+00    8.9004806336E+04    2.3616394867E+05    4.6810288915E-01
    4.1087207090E+01   -9.0581864300E+00    1.7109995002E+02    3.2106363367E+01    1.7408621848E+02    1.0635634021E+00    8.6193881680E+04    2.3160088653E+05    5.1682539638E-01
    4.3862651590E+01   -8.5074922600E+00    1.8694118013E+02    3.3287410135E+01    1.8988169080E+02    1.0361994311E+00    8.3121524113E+04    2.2648392480E+05    5.6660969105E-01
    4.6140666000E+01   -8.0555052300E+00    2.0257692700E+02    3.3378287735E+01    2.0530835698E+02    1.0080951174E+00    8.0000855295E+04    2.2124850972E+05    6.1595083777E-01
    4.8476822510E+01   -7.6555073200E+00    2.2032184766E+02    3.2110246116E+01    2.2264946544E+02    9.7502837751E-01    7.6371876233E+04    2.1509712638E+05    6.7235639006E-01
    5.0841350160E+01   -7.3448003800E+00    2.4038189153E+02    2.8857109117E+01    2.4210779938E+02    9.3534531271E-01    7.2077236219E+04    2.0760627820E+05    7.3710895402E-01
    5.3226837000E+01   -7.1254835900E+00    2.6148333404E+02    2.3900443552E+01    2.6257335200E+02    8.9134488915E-01    6.7390433505E+04    1.9920286580E+05    8.0706849584E-01
    5.5625722490E+01   -6.9990475800E+00    2.8339979081E+02    1.6799555370E+01    2.8389728158E+02    8.4313978134E-01    6.2365064642E+04    1.8989021106E+05    8.8221882005E-01
    5.8030348200E+01   -6.9663654600E+00    3.0431037498E+02    8.6392921359E+00    3.0443298390E+02    7.9429032114E-01    5.7378175933E+04    1.8025263158E+05    9.5729094938E-01
    6.0354140500E+01   -6.9907111600E+00    3.2196468571E+02   -3.2944049010E-01    3.2196485425E+02    7.5096503734E-01    5.3064336356E+04    1.7158387220E+05    1.0236534141E+00
    6.3240039320E+01   -7.0209487600E+00    3.3396193247E+02   -5.8578640506E+00    3.3401330350E+02    7.1911192680E-01    4.9955042001E+04    1.6500142540E+05    1.0710465056E+00
    6.6824071790E+01   -7.0585044400E+00    3.4286624760E+02   -5.9352034529E+00    3.4291761457E+02    6.9680795874E-01    4.7805584569E+04    1.6048365302E+05    1.1064785795E+00
    7.1275197690E+01   -7.1051500400E+00    3.5092930156E+02   -4.3050561845E+00    3.5095570689E+02    6.7573413045E-01    4.5801446226E+04    1.5611867097E+05    1.1392961318E+00
    7.6803285570E+01   -7.1630865600E+00    3.5942681332E+02   -3.6198507523E+00    3.5944504094E+02    6.5493203536E-01    4.3846864282E+04    1.5192601168E+05    1.1740790141E+00
    8.3669020900E+01   -7.2350480800E+00    3.6722501184E+02   -3.7515727940E+00    3.6724417438E+02    6.3328513028E-01    4.1841387842E+04    1.4730850889E+05    1.2075010086E+00
    9.2196213100E+01   -7.3244309200E+00    3.7488503281E+02   -3.9339466575E+00    3.7490567315E+02    6.1473910868E-01    4.0143804239E+04    1.4356161201E+05    1.2399213923E+00
    1.0278708136E+02   -7.4354539500E+00    3.7861981848E+02   -3.9873628332E+00    3.7864081398E+02    5.9859746956E-01    3.8683103721E+04    1.3961787951E+05    1.2588390004E+00
    1.1594123145E+02   -7.5733578700E+00    3.7861966310E+02   -3.9873487881E+00    3.7864065846E+02    5.9859781157E-01    3.8683134381E+04    1.3961794542E+05    1.2588383441E+00
   -5.9964345900E+00   -1.3362947100E+01    9.2573602852E+01    0.0000000000E+00    9.2573602852E+01    1.1549273274E+00    9.6319734493E+04    2.4574812588E+05    2.7092110534E-01
    5.2161465600E+00   -1.1752812630E+01    9.2573603233E+01    6.8229739077E+00    9.2824700315E+01    1.1691866472E+00    9.8069273246E+04    2.5021028764E+05    2.7087877883E-01
    1.4423253910E+01   -1.0430663410E+01    1.0250624038E+02    1.1390372177E+01    1.0313714120E+02    1.1582511472E+00    9.6854407406E+04    2.4829633355E+05    3.0143435411E-01
    2.1983651180E+01   -9.3449799500E+00    1.1393063329E+02    1.4915013358E+01    1.1490277118E+02    1.1465399311E+00    9.5556319550E+04    2.4645947977E+05    3.3638093271E-01
    2.8191934920E+01   -8.4534576600E+00    1.2743389114E+02    1.7629482648E+01    1.2864756224E+02    1.1294571764E+00    9.3625129876E+04    2.4340919310E+05    3.7763845423E-01
    3.3290003650E+01   -7.7213597500E+00    1.4172802372E+02    1.9929867471E+01    1.4312243823E+02    1.1101318553E+00    9.1440003213E+04    2.3996999644E+05    4.2146631933E-01
    3.7476477340E+01   -7.1201645300E+00    1.5680546697E+02    2.1824388557E+01    1.5831695553E+02    1.0874958282E+00    8.8877174864E+04    2.3582157539E+05    4.6803905202E-01
    4.0914434980E+01   -6.6264542400E+00    1.7222031505E+02    2.3215339109E+01    1.7377798735E+02    1.0628723397E+00    8.6104634934E+04    2.3131031604E+05    5.1600989870E-01
    4.3737770880E+01   -6.2210022000E+00    1.8757516890E+02    2.3883626155E+01    1.8908958614E+02    1.0362858756E+00    8.3121797229E+04    2.2633062728E+05    5.6426864786E-01
    4.6056416230E+01   -5.8880229900E+00    2.0238815287E+02    2.3795728347E+01    2.0378223944E+02    1.0096246428E+00    8.0161031307E+04    2.2136602106E+05    6.1122433380E-01
    4.8408137220E+01   -5.5958914200E+00    2.1889769051E+02    2.2902573946E+01    2.2009254146E+02    9.7863064988E-01    7.6758694995E+04    2.1559952746E+05    6.6418172674E-01
    5.0780590450E+01   -5.3690054800E+00    2.3755813448E+02    2.0781844510E+01    2.3846541116E+02    9.4146385108E-01    7.2729135846E+04    2.0859136470E+05    7.2511850369E-01
    5.3168361700E+01   -5.2089091700E+00    2.5724629247E+02    1.7633086965E+01    2.5784991904E+02    8.9998219523E-01    6.8300721312E+04    2.0067017273E+05    7.9105612085E-01
    5.5565927200E+01   -5.1167032100E+00    2.7802471956E+02    1.3034250842E+01    2.7833008530E+02    8.5417063373E-01    6.3502923907E+04    1.9184259980E+05    8.6272342814E-01
    5.7967690580E+01   -5.0930386100E+00    2.9822245646E+02    7.7338143943E+00    2.9832272026E+02    8.0689000956E-01    5.8651600327E+04    1.8253417217E+05    9.3516780846E-01
    6.0307875150E+01   -5.1107941200E+00    3.1710321429E+02    1.4251999830E+00    3.1710641701E+02    7.6151909163E-01    5.4102461641E+04    1.7354399365E+05    1.0054787527E+00
    6.3211094320E+01   -5.1328239300E+00    3.3201353726E+02   -3.5651171799E+00    3.3203267758E+02    7.2276662957E-01    5.0303190849E+04    1.6559893326E+05    1.0636973790E+00
    6.6812864390E+01   -5.1601571200E+00    3.4271043047E+02   -4.3539004397E+00    3.4273808601E+02    6.9547648521E-01    4.7670836651E+04    1.6002569282E+05    1.1064025997E+00
    7.1281332250E+01   -5.1940709200E+00    3.5091691685E+02   -3.1453416761E+00    3.5093101274E+02    6.7398304463E-01    4.5627521314E+04    1.5557017725E+05    1.1399053163E+00
    7.6825135030E+01   -5.2361502200E+00    3.5916435293E+02   -2.5595347647E+00    3.5917347290E+02    6.5429461363E-01    4.3778360671E+04    1.5164973093E+05    1.1735380115E+00
    8.3703152770E+01   -5.2883617100E+00    3.6693002276E+02   -2.7041109051E+00    3.6693998668E+02    6.3324169590E-01    4.1828318499E+04    1.4720219570E+05    1.2066479282E+00
    9.2236609220E+01   -5.3531458500E+00    3.7466374155E+02   -2.8824776281E+00    3.7467482956E+02    6.1478888817E-01    4.0139598850E+04    1.4350140664E+05    1.2392730099E+00
    1.0282408490E+02   -5.4335309500E+00    3.7847828542E+02   -2.9235789213E+00    3.7848957693E+02    5.9867287525E-01    3.8681481446E+04    1.3958495337E+05    1.2584418363E+00
    1.1596013811E+02   -5.5332747900E+00    3.7847813552E+02   -2.9235678253E+00    3.7848942696E+02    5.9867321708E-01    3.8681512097E+04    1.3958502049E+05    1.2584411983E+00
   -6.6704928300E+00   -7.3647144600E+00    9.4740153191E+01    0.0000000000E+00    9.4740153191E+01    1.1529212485E+00    9.6085589050E+04    2.4538810831E+05    2.7735803897E-01
    4.6581115200E+00   -6.4783326400E+00    9.4740153552E+01    3.5319310924E+00    9.4805966227E+01    1.1654111229E+00    9.7610382274E+04    2.4926341305E+05    2.7686191818E-01
    1.3967113450E+01   -5.7499635300E+00    1.0386635220E+02    6.0665060384E+00    1.0404336411E+02    1.1558509986E+00    9.6558434132E+04    2.4765214135E+05    3.0423290714E-01
    2.1616603960E+01   -5.1514304700E+00    1.1503403358E+02    8.0575765882E+00    1.1531588538E+02    1.1444205574E+00    9.5297105050E+04    2.4585187382E+05    3.3773657225E-01
    2.7902475700E+01   -4.6595809700E+00    1.2838266219E+02    9.5935526011E+00    1.2874060821E+02    1.1276752458E+00    9.3411545518E+04    2.4287398986E+05    3.7804481281E-01
    3.3067867310E+01   -4.2553912100E+00    1.4266623015E+02    1.0876584965E+01    1.4308023387E+02    1.1084045717E+00    9.1238297561E+04    2.3944134723E+05    4.2147924282E-01
    3.7312563820E+01   -3.9232302900E+00    1.5768272058E+02    1.1902047967E+01    1.5813127178E+02    1.0858982341E+00    8.8695226955E+04    2.3531478105E+05    4.6762549909E-01
    4.0800723150E+01   -3.6502555300E+00    1.7291219815E+02    1.2620738110E+01    1.7337217568E+02    1.0616092656E+00    8.5963844594E+04    2.3086449005E+05    5.1492006620E-01
    4.3667227040E+01   -3.4259153100E+00    1.8785820628E+02    1.2923702241E+01    1.8830222448E+02    1.0357379003E+00    8.3063793448E+04    2.2602193986E+05    5.6196657668E-01
    4.6022901230E+01   -3.2415403800E+00    2.0206950877E+02    1.2820644362E+01    2.0247581410E+02    1.0102291702E+00    8.0230947029E+04    2.2128527508E+05    6.0722288237E-01
    4.8386804760E+01   -3.0809501100E+00    2.1765648497E+02    1.2312425944E+01    2.1800445244E+02    9.8098592941E-01    7.7019316498E+04    2.1585943109E+05    6.5755624194E-01
    5.0762120780E+01   -2.9562725900E+00    2.3525121366E+02    1.1162953945E+01    2.3551591256E+02    9.4620108028E-01    7.3240441660E+04    2.0934292430E+05    7.1543878483E-01
    5.3145870510E+01   -2.8683655600E+00    2.5377635372E+02    9.5069678861E+00    2.5395436627E+02    9.0738913693E-01    6.9085476367E+04    2.0197373312E+05    7.7784860259E-01
    5.5535014160E+01   -2.8178438200E+00    2.7359630154E+02    7.1198652407E+00    2.7368892688E+02    8.6439726386E-01    6.4560911644E+04    1.9377638936E+05    8.4637937851E-01
    5.7926471090E+01   -2.8050758000E+00    2.9306631146E+02    4.3695363270E+00    2.9309888393E+02    8.1934943421E-01    5.9912674072E+04    1.8497559298E+05    9.1606306709E-01
    6.0284896260E+01   -2.8146985600E+00    3.1250169340E+02    1.0121915508E+00    3.1250333264E+02    7.7395966896E-01    5.5330048179E+04    1.7611692595E+05    9.8780057864E-01
    6.3207071230E+01   -2.8266229700E+00    3.2992231370E+02   -2.0758879819E+00    3.2992884443E+02    7.3006718095E-01    5.1004886552E+04    1.6724723328E+05    1.0549497852E+00
    6.6827789080E+01   -2.8413995900E+00    3.4273011302E+02   -2.7961302327E+00    3.4274151881E+02    6.9703311218E-01    4.7815146737E+04    1.6047871614E+05    1.1059784311E+00
    7.1314080610E+01   -2.8597108000E+00    3.5137983680E+02   -1.9911174524E+00    3.5138547815E+02    6.7360764401E-01    4.5588527877E+04    1.5555707844E+05    1.1415515042E+00
    7.6872925810E+01   -2.8824023000E+00    3.5935270551E+02   -1.4592835294E+00    3.5935566847E+02    6.5425812545E-01    4.3771167495E+04    1.5167221979E+05    1.1741970344E+00
    8.3760809580E+01   -2.9105221200E+00    3.6695009260E+02   -1.4710814991E+00    3.6695304132E+02    6.3349296586E-01    4.1847336511E+04    1.4726969150E+05    1.2066559576E+00
    9.2295561990E+01   -2.9453690500E+00    3.7463961551E+02   -1.5676140448E+00    3.7464289520E+02    6.1497501355E-01    4.0152232260E+04    1.4353869655E+05    1.2391599575E+00
    1.0287102821E+02   -2.9885526000E+00    3.7844091973E+02   -1.5918766988E+00    3.7844426776E+02    5.9878853644E-01    3.8687473900E+04    1.3959795095E+05    1.2583152661E+00
    1.1597524390E+02   -3.0420673400E+00    3.7844077354E+02   -1.5918702493E+00    3.7844412154E+02    5.9878887804E-01    3.8687504535E+04    1.3959801886E+05    1.2583146407E+00
   -6.9630203200E+00    0.0000000000E+00    9.5564290300E+01    0.0000000000E+00    9.5564290300E+01    1.1521465302E+00    9.5995209100E+04    2.4524903119E+05    2.7980836882E-01
    4.4008166800E+00    0.0000000000E+00    9.5564290654E+01   -2.6671675197E-14    9.5564290654E+01    1.1639460730E+00    9.7433210849E+04    2.4889791546E+05    2.7915444338E-01
    1.3746858780E+01    0.0000000000E+00    1.0441734620E+02    3.3027537089E-14    1.0441734620E+02    1.1547483171E+00    9.6424646526E+04    2.4735671648E+05    3.0539243494E-01
    2.1433400420E+01    0.0000000000E+00    1.1548743161E+02    8.0841076614E-15    1.1548743161E+02    1.1433363117E+00    9.5167780519E+04    2.4554398778E+05    3.3830836242E-01
    2.7755105560E+01    0.0000000000E+00    1.2877288297E+02   -1.8852158110E-15    1.2877288297E+02    1.1266539528E+00    9.3292970625E+04    2.4257377102E+05    3.7820843659E-01
    3.2954317080E+01    0.0000000000E+00    1.4304330728E+02    3.3059415109E-14    1.4304330728E+02    1.1073608599E+00    9.1120312722E+04    2.3912985178E+05    4.2144461475E-01
    3.7230347020E+01    0.0000000000E+00    1.5802302416E+02   -1.9374949265E-14    1.5802302416E+02    1.0848859562E+00    8.8583719733E+04    2.3500479274E+05    4.6738141408E-01
    4.0747117210E+01    0.0000000000E+00    1.7316654612E+02   -4.5085695853E-14    1.7316654612E+02    1.0607258052E+00    8.5869026732E+04    2.3057637499E+05    5.1437905232E-01
    4.3639443200E+01    0.0000000000E+00    1.8794855306E+02   -1.0407287576E-14    1.8794855306E+02    1.0351310283E+00    8.3001657959E+04    2.2578696999E+05    5.6095658232E-01
    4.6018202460E+01    0.0000000000E+00    2.0194360461E+02   -3.2318867383E-14    2.0194360461E+02    1.0100277875E+00    8.0214378100E+04    2.2113102767E+05    6.0562896375E-01
    4.8396961720E+01    0.0000000000E+00    2.1720638561E+02   -5.8237880336E-15    2.1720638561E+02    9.8137592676E-01    7.7067723312E+04    2.1581928627E+05    6.5507346294E-01
    5.0775720980E+01    0.0000000000E+00    2.3445181258E+02   -1.8458712284E-14    2.3445181258E+02    9.4733443589E-01    7.3367672591E+04    2.0945555648E+05    7.1201454886E-01
    5.3154480230E+01    0.0000000000E+00    2.5259787309E+02   -2.1568940987E-15    2.5259787309E+02    9.0926405524E-01    6.9289157490E+04    2.0223100189E+05    7.7335347755E-01
    5.5533239490E+01    0.0000000000E+00    2.7210985566E+02   -1.1001859357E-14    2.7210985566E+02    8.6704936416E-01    6.4840295524E+04    1.9420054220E+05    8.4096839265E-01
    5.7911998750E+01    0.0000000000E+00    2.9135460011E+02   -3.4854651329E-14    2.9135460011E+02    8.2253855041E-01    6.0240085618E+04    1.8551183588E+05    9.0989903008E-01
    6.0290758010E+01    0.0000000000E+00    3.1093662844E+02   -1.5953845443E-14    3.1093662844E+02    7.7708195261E-01    5.5641654145E+04    1.7666889353E+05    9.8206732687E-01
    6.3233671320E+01    0.0000000000E+00    3.2923789410E+02   -2.0417665106E-14    3.2923789410E+02    7.3134506283E-01    5.1127627905E+04    1.6745709123E+05    1.0523958876E+00
    6.6874535250E+01    0.0000000000E+00    3.4283090355E+02   -2.1776121211E-14    3.4283090355E+02    6.9611556453E-01    4.7725606894E+04    1.6022230245E+05    1.1065750852E+00
    7.1378877970E+01    0.0000000000E+00    3.5157791092E+02   -2.7782533651E-14    3.5157791092E+02    6.7211864392E-01    4.5445800841E+04    1.5515379593E+05    1.1427037541E+00
    7.6951484820E+01    0.0000000000E+00    3.5934358725E+02   -1.5344685881E-14    3.5934358725E+02    6.5334779002E-01    4.3683882193E+04    1.5139239134E+05    1.1745120605E+00
    8.3845708720E+01    0.0000000000E+00    3.6684196613E+02   -3.2938393789E-14    3.6684196613E+02    6.3312638389E-01    4.1811315566E+04    1.4712915625E+05    1.2064609912E+00
    9.2374988520E+01    0.0000000000E+00    3.7453652188E+02   -5.9796488895E-14    3.7453652188E+02    6.1483868587E-01    4.0137873091E+04    1.4346873226E+05    1.2388923475E+00
    1.0292709926E+02    0.0000000000E+00    3.7837959831E+02   -2.4129232776E-14    3.7837959831E+02    5.9876581204E-01    3.8683717717E+04    1.3957228038E+05    1.2581374472E+00
    1.1598178864E+02    0.0000000000E+00    3.7837945350E+02   -2.4220913547E-14    3.7837945350E+02    5.9876615346E-01    3.8683748337E+04    1.3957234856E+05    1.2581368265E+00
   -6.6704928300E+00    7.3647144600E+00    9.4740153191E+01   -0.0000000000E+00    9.4740153191E+01    1.1529212485E+00    9.6085589050E+04    2.4538810831E+05    2.7735803897E-01
    4.6581115200E+00    6.4783326400E+00    9.4740153191E+01   -3.5319310997E+00    9.4805965867E+01    1.1654111233E+00    9.7610382316E+04    2.4926341312E+05    2.7686191711E-01
    1.3967113450E+01    5.7499635300E+00    1.0386635187E+02   -6.0665060464E+00    1.0404336378E+02    1.1558509989E+00    9.6558434165E+04    2.4765214140E+05    3.0423290615E-01
    2.1616603960E+01    5.1514304700E+00    1.1503403326E+02   -8.0575765916E+00    1.1531588506E+02    1.1444205576E+00    9.5297105082E+04    2.4585187386E+05    3.3773657129E-01
    2.7902475700E+01    4.6595809700E+00    1.2838266186E+02   -9.5935525916E+00    1.2874060788E+02    1.1276752461E+00    9.3411545547E+04    2.4287398989E+05    3.7804481183E-01
    3.3067867310E+01    4.2553912100E+00    1.4266622980E+02   -1.0876584940E+01    1.4308023352E+02    1.1084045720E+00    9.1238297597E+04    2.3944134727E+05    4.2147924177E-01
    3.7312563820E+01    3.9232302900E+00    1.5768272017E+02   -1.1902047916E+01    1.5813127137E+02    1.0858982345E+00    8.8695226995E+04    2.3531478109E+05    4.6762549785E-01
    4.0800723150E+01    3.6502555300E+00    1.7291219766E+02   -1.2620738039E+01    1.7337217519E+02    1.0616092662E+00    8.5963844657E+04    2.3086449013E+05    5.1492006467E-01
    4.3667227040E+01    3.4259153100E+00    1.8785820566E+02   -1.2923702136E+01    1.8830222386E+02    1.0357379010E+00    8.3063793528E+04    2.2602193995E+05    5.6196657476E-01
    4.6022901230E+01    3.2415403800E+00    2.0206950801E+02   -1.2820644243E+01    2.0247581334E+02    1.0102291713E+00    8.0230947149E+04    2.2128527525E+05    6.0722287994E-01
    4.8386804760E+01    3.0809501100E+00    2.1765648401E+02   -1.2312425794E+01    2.1800445147E+02    9.8098593082E-01    7.7019316650E+04    2.1585943129E+05    6.5755623884E-01
    5.0762120780E+01    2.9562725900E+00    2.3525121239E+02   -1.1162953792E+01    2.3551591128E+02    9.4620108243E-01    7.3240441889E+04    2.0934292465E+05    7.1543878063E-01
    5.3145870510E+01    2.8683655600E+00    2.5377635202E+02   -9.5069677098E+00    2.5395436456E+02    9.0738913992E-01    6.9085476681E+04    2.0197373361E+05    7.7784859687E-01
    5.5535014160E+01    2.8178438200E+00    2.7359629913E+02   -7.1198650878E+00    2.7368892446E+02    8.6439726851E-01    6.4560912125E+04    1.9377639016E+05    8.4637937015E-01
    5.7926471090E+01    2.8050758000E+00    2.9306630792E+02   -4.3695361859E+00    2.9309888038E+02    8.1934944135E-01    5.9912674796E+04    1.8497559424E+05    9.1606305447E-01
    6.0284896260E+01    2.8146985600E+00    3.1250168752E+02   -1.0121916143E+00    3.1250332676E+02    7.7395968144E-01    5.5330049420E+04    1.7611692824E+05    9.8780055693E-01
    6.3207071230E+01    2.8266229700E+00    3.2992230329E+02    2.0758873394E+00    3.2992883402E+02    7.3006720383E-01    5.1004888774E+04    1.6724723757E+05    1.0549497455E+00
    6.6827789080E+01    2.8413995900E+00    3.4273009549E+02    2.7961289634E+00    3.4274150127E+02    6.9703315174E-01    4.7815150510E+04    1.6047872371E+05    1.1059783622E+00
    7.1314080610E+01    2.8597108000E+00    3.5137980917E+02    1.9911161134E+00    3.5138545051E+02    6.7360770679E-01    4.5588533785E+04    1.5555709054E+05    1.1415513937E+00
    7.6872925810E+01    2.8824023000E+00    3.5935266029E+02    1.4592814091E+00    3.5935562325E+02    6.5425822667E-01    4.3771176917E+04    1.5167223925E+05    1.1741968511E+00
    8.3760809580E+01    2.9105221200E+00    3.6695001964E+02    1.4710783714E+00    3.6695296836E+02    6.3349312951E-01    4.1847351538E+04    1.4726972313E+05    1.2066556569E+00
    9.2295561990E+01    2.9453690500E+00    3.7463950047E+02    1.5676081331E+00    3.7464278014E+02    6.1497526734E-01    4.0152255274E+04    1.4353874539E+05    1.2391594774E+00
    1.0287102821E+02    2.9885526000E+00    3.7844077354E+02    1.5918702493E+00    3.7844412154E+02    5.9878887804E-01    3.8687504535E+04    1.3959801886E+05    1.2583146407E+00
    1.1597524390E+02    3.0420673400E+00    3.7844077354E+02    1.5918702493E+00    3.7844412154E+02    5.9878887804E-01    3.8687504535E+04    1.3959801886E+05    1.2583146407E+00
