 TITLE = "Projeto1" 
 VARIABLES = "X" "Y" "u" "v" "q_vel_out" "rho" "p" "e" "mach" 
 ZONE I =           24  J =          13  DATAPACKING = POINT
    8.4500000000E-06   -3.5279003140E+01    6.9522785981E+01    0.0000000000E+00    6.9522785981E+01    1.1734958609E+00    9.8494718464E+04    2.4907279403E+05    2.0281377975E-01
    1.0306326720E+01   -3.1045768330E+01    6.9522786355E+01    2.5359661271E+01    7.4003582632E+01    1.2053150521E+00    1.0269217835E+05    2.6003091804E+05    2.1427442293E-01
    1.8746475060E+01   -2.7579047530E+01    9.2346617397E+01    3.6065770345E+01    9.9139485248E+01    1.1661689578E+00    9.8071314471E+04    2.5090921217E+05    2.8892983000E-01
    2.5658349530E+01   -2.4740052520E+01    1.0531288548E+02    4.1753866553E+01    1.1328808066E+02    1.1520997444E+00    9.6474395303E+04    2.4857912132E+05    3.3087138453E-01
    3.1318677600E+01   -2.2415119790E+01    1.1931106483E+02    4.7398268956E+01    1.2838117498E+02    1.1328768786E+00    9.4260500621E+04    2.4498713476E+05    3.7615237989E-01
    3.5954079200E+01   -2.0511167100E+01    1.3293316657E+02    5.2817717953E+01    1.4304173553E+02    1.1136830799E+00    9.2064466114E+04    2.4155466557E+05    4.2046857616E-01
    3.9750139730E+01   -1.8951966780E+01    1.4735324757E+02    5.8476030540E+01    1.5853209680E+02    1.0910756754E+00    8.9481914051E+04    2.3741547431E+05    4.6785684752E-01
    4.2858840280E+01   -1.7675093850E+01    1.6278307518E+02    6.4340373173E+01    1.7503717658E+02    1.0653314514E+00    8.6567086818E+04    2.3273753657E+05    5.1895805175E-01
    4.5404642460E+01   -1.6629426760E+01    1.8078319798E+02    7.0872527107E+01    1.9417898900E+02    1.0328177234E+00    8.2917740772E+04    2.2676579582E+05    5.7919703297E-01
    4.7489471440E+01   -1.5773100850E+01    2.0506084933E+02    7.6033577886E+01    2.1870312502E+02    9.8718320146E-01    7.7884424131E+04    2.1832006826E+05    6.5805855961E-01
    4.9607350680E+01   -1.5003262190E+01    2.3681970985E+02    7.4189750771E+01    2.4816868073E+02    9.2579631027E-01    7.1212140793E+04    2.0653918196E+05    7.5624698467E-01
    5.1781269800E+01   -1.4409848660E+01    2.6977458497E+02    6.3638931471E+01    2.7717907622E+02    8.5915067213E-01    6.4180159700E+04    1.9345391640E+05    8.5709842209E-01
    5.3996560260E+01   -1.3996868810E+01    3.0046793927E+02    4.7449720066E+01    3.0419148322E+02    7.9281365625E-01    5.7397236289E+04    1.8017358908E+05    9.5548330498E-01
    5.6238272770E+01   -1.3767109600E+01    3.2780375295E+02    2.5907535775E+01    3.2882594311E+02    7.3000867084E-01    5.1176621496E+04    1.6740819533E+05    1.0496155591E+00
    5.8491279600E+01   -1.3722117420E+01    3.4189199131E+02    4.9896431666E+00    3.4192839932E+02    6.9042732431E-01    4.7411932620E+04    1.5889049731E+05    1.1027734749E+00
    6.0744619520E+01   -1.3769711210E+01    3.3964126028E+02   -5.2565089677E+00    3.3968193442E+02    6.9360911569E-01    4.7727622559E+04    1.5933468989E+05    1.0944122046E+00
    6.3553982470E+01   -1.3829049520E+01    3.3636700940E+02   -6.8632873802E+00    3.3643702193E+02    7.0374846036E-01    4.8697939395E+04    1.6157344676E+05    1.0809191191E+00
    6.7056569970E+01   -1.3903029860E+01    3.4111564072E+02   -7.2065862593E+00    3.4119175727E+02    6.9518817196E-01    4.7860301515E+04    1.6011481230E+05    1.0990007400E+00
    7.1423438710E+01   -1.3995265220E+01    3.4956182282E+02   -7.3803506704E+00    3.4963972536E+02    6.7474603555E-01    4.5897668327E+04    1.5598732643E+05    1.1330044399E+00
    7.6867854440E+01   -1.4110260120E+01    3.5896354779E+02   -7.5368412612E+00    3.5904266128E+02    6.5244958564E-01    4.3787207136E+04    1.5152218848E+05    1.1713370851E+00
    8.3655707370E+01   -1.4253630600E+01    3.6719940911E+02   -7.6699608871E+00    3.6727950440E+02    6.3026979047E-01    4.1719414226E+04    1.4680841598E+05    1.2064985953E+00
    9.2118497430E+01   -1.4432378480E+01    3.7514276974E+02   -7.7900237075E+00    3.7522364285E+02    6.1171301658E-01    4.0010641081E+04    1.4308899144E+05    1.2399731568E+00
    1.0266952384E+02   -1.4655233290E+01    3.7899335927E+02   -7.8176503384E+00    3.7907397962E+02    5.9550611034E-01    3.8532708241E+04    1.3911801580E+05    1.2594713731E+00
    1.1582405090E+02   -1.4933078770E+01    3.7899327054E+02   -7.8176474377E+00    3.7907389085E+02    5.9550621172E-01    3.8532717097E+04    1.3911802518E+05    1.2594710406E+00
   -3.7493654000E-01   -3.4351956070E+01    6.9522786355E+01    0.0000000000E+00    6.9522786355E+01    1.1734958607E+00    9.8494718433E+04    2.4907279399E+05    2.0281378085E-01
    9.9825822500E+00   -3.0229171540E+01    6.9522786729E+01    2.5359661404E+01    7.4003583029E+01    1.2053150521E+00    1.0269217835E+05    2.6003091808E+05    2.1427442407E-01
    1.8465667490E+01   -2.6852503770E+01    9.2346617920E+01    3.6065770544E+01    9.9139485808E+01    1.1661689576E+00    9.8071314466E+04    2.5090921222E+05    2.8892983161E-01
    2.5413537970E+01   -2.4086928300E+01    1.0531288614E+02    4.1753866807E+01    1.1328808137E+02    1.1520997441E+00    9.6474395298E+04    2.4857912139E+05    3.3087138656E-01
    3.1104036770E+01   -2.1821850880E+01    1.1931106562E+02    4.7398269265E+01    1.2838117583E+02    1.1328768783E+00    9.4260500619E+04    2.4498713487E+05    3.7615238233E-01
    3.5764723450E+01   -1.9966692010E+01    1.3293316747E+02    5.2817718307E+01    1.4304173650E+02    1.1136830795E+00    9.2064466110E+04    2.4155466571E+05    4.2046857894E-01
    3.9581973480E+01   -1.8447265030E+01    1.4735324860E+02    5.8476030950E+01    1.5853209791E+02    1.0910756749E+00    8.9481914049E+04    2.3741547449E+05    4.6785685069E-01
    4.2708431140E+01   -1.7202809630E+01    1.6278307625E+02    6.4340373603E+01    1.7503717774E+02    1.0653314508E+00    8.6567086809E+04    2.3273753676E+05    5.1895805506E-01
    4.5269114030E+01   -1.6183562030E+01    1.8078319919E+02    7.0872527599E+01    1.9417899031E+02    1.0328177228E+00    8.2917740763E+04    2.2676579605E+05    5.7919703672E-01
    4.7366413090E+01   -1.5348765120E+01    2.0506085056E+02    7.6033578373E+01    2.1870312634E+02    9.8718320051E-01    7.7884424090E+04    2.1832006843E+05    6.5805856344E-01
    4.9504999150E+01   -1.4598047580E+01    2.3681971133E+02    7.4189751272E+01    2.4816868229E+02    9.2579630909E-01    7.1212140730E+04    2.0653918212E+05    7.5624698928E-01
    5.1698067720E+01   -1.4018847730E+01    2.6977458652E+02    6.3638931884E+01    2.7717907782E+02    8.5915067048E-01    6.4180159592E+04    1.9345391644E+05    8.5709842692E-01
    5.3931360230E+01   -1.3615074210E+01    3.0046794121E+02    4.7449720414E+01    3.0419148519E+02    7.9281365427E-01    5.7397236150E+04    1.8017358912E+05    9.5548331113E-01
    5.6190344140E+01   -1.3389449650E+01    3.2780375514E+02    2.5907535989E+01    3.2882594530E+02    7.3000866793E-01    5.1176621273E+04    1.6740819514E+05    1.0496155663E+00
    5.8460312160E+01   -1.3343492330E+01    3.4189199461E+02    4.9896432125E+00    3.4192840262E+02    6.9042731976E-01    4.7411932246E+04    1.5889049689E+05    1.1027734862E+00
    6.0717878330E+01   -1.3389802890E+01    3.3964126442E+02   -5.2565091263E+00    3.3968193856E+02    6.9360910888E-01    4.7727621974E+04    1.5933468901E+05    1.0944122193E+00
    6.3531877740E+01   -1.3447528720E+01    3.3636701521E+02   -6.8632876131E+00    3.3643702774E+02    7.0374845174E-01    4.8697938635E+04    1.6157344575E+05    1.0809191396E+00
    6.7039463590E+01   -1.3519483110E+01    3.4111564814E+02   -7.2065865681E+00    3.4119176470E+02    6.9518815996E-01    4.7860300443E+04    1.6011481068E+05    1.0990007667E+00
    7.1411597120E+01   -1.3609173330E+01    3.4956183502E+02   -7.3803511055E+00    3.4963973757E+02    6.7474601716E-01    4.5897666667E+04    1.5598732403E+05    1.1330044845E+00
    7.6861381490E+01   -1.3720971250E+01    3.5896356633E+02   -7.5368419976E+00    3.5904267983E+02    6.5244955525E-01    4.3787204395E+04    1.5152218402E+05    1.1713371550E+00
    8.3654450210E+01   -1.3860326380E+01    3.6719944267E+02   -7.6699620965E+00    3.6727953798E+02    6.3026974115E-01    4.1719409799E+04    1.4680840935E+05    1.2064987224E+00
    9.2121916200E+01   -1.4034031630E+01    3.7514282091E+02   -7.7900258314E+00    3.7522369405E+02    6.1171293955E-01    4.0010634240E+04    1.4308898067E+05    1.2399733540E+00
    1.0267651289E+02   -1.4250554360E+01    3.7899344798E+02   -7.8176532386E+00    3.7907406837E+02    5.9550600899E-01    3.8532699387E+04    1.3911800641E+05    1.2594717055E+00
    1.1583269561E+02   -1.4520449310E+01    3.7899335927E+02   -7.8176503384E+00    3.7907397962E+02    5.9550611034E-01    3.8532708241E+04    1.3911801580E+05    1.2594713731E+00
   -8.1922002000E-01   -3.3214552130E+01    7.0874588105E+01    0.0000000000E+00    7.0874588105E+01    1.1725484049E+00    9.8383404844E+04    2.4890348893E+05    2.0679069650E-01
    9.5991315900E+00   -2.9227426920E+01    7.0874588424E+01    2.4394075828E+01    7.4955174737E+01    1.1992524498E+00    1.0193396640E+05    2.5820378297E+05    2.1728685222E-01
    1.8133277590E+01   -2.5961397340E+01    9.2374651187E+01    3.4185716029E+01    9.8497407897E+01    1.1655664033E+00    9.7982087918E+04    2.5060923052E+05    2.8711504423E-01
    2.5123991480E+01   -2.3286050360E+01    1.0557318245E+02    4.0074985988E+01    1.1292343138E+02    1.1517371640E+00    9.6416434570E+04    2.4838439060E+05    3.2985358254E-01
    3.0850429370E+01   -2.1094553290E+01    1.1974607958E+02    4.5690361793E+01    1.2816681604E+02    1.1325526998E+00    9.4209360461E+04    2.4482547141E+05    3.7557247815E-01
    3.5541258340E+01   -1.9299394780E+01    1.3351986232E+02    5.1018829575E+01    1.4293521122E+02    1.1132623542E+00    9.2004189980E+04    2.4138271408E+05    4.2021366244E-01
    3.9383786280E+01   -1.7828890980E+01    1.4809794559E+02    5.6503704428E+01    1.5851078860E+02    1.0905004855E+00    8.9406187126E+04    2.3721524554E+05    4.6786865812E-01
    4.2531441210E+01   -1.6624323360E+01    1.6368714982E+02    6.2093160162E+01    1.7506868239E+02    1.0645627316E+00    8.6471369084E+04    2.3249233747E+05    5.1915125339E-01
    4.5109898660E+01   -1.5637593960E+01    1.8141793320E+02    6.7949005079E+01    1.9372540819E+02    1.0326065717E+00    8.2883779234E+04    2.2658606969E+05    5.7790338259E-01
    4.7222101310E+01   -1.4829304830E+01    2.0406560285E+02    7.1736251147E+01    2.1630732765E+02    9.9113080051E-01    7.8297489427E+04    2.1893066370E+05    6.5042733080E-01
    4.9384793640E+01   -1.4102194370E+01    2.3353169287E+02    6.8741952424E+01    2.4343891964E+02    9.3704966400E-01    7.2390526824E+04    2.0874227347E+05    7.4022957049E-01
    5.1600068280E+01   -1.3540614770E+01    2.6513194778E+02    5.8132959187E+01    2.7143026853E+02    8.7653186882E-01    6.5936808792E+04    1.9713099765E+05    8.3640024567E-01
    5.3854166510E+01   -1.3148350710E+01    2.9521376718E+02    4.2488161596E+01    2.9825561555E+02    8.1434024132E-01    5.9491377348E+04    1.8494883646E+05    9.3261103037E-01
    5.6133064010E+01   -1.2928043990E+01    3.2301187246E+02    2.1947728954E+01    3.2375665639E+02    7.5306001997E-01    5.3321753040E+04    1.7277164547E+05    1.0282939356E+00
    5.8422566480E+01   -1.2881175950E+01    3.4022165850E+02    2.1763811657E+00    3.4022861953E+02    7.0761694068E-01    4.8929179689E+04    1.6327823040E+05    1.0935080099E+00
    6.0685277420E+01   -1.2925914190E+01    3.4179101230E+02   -7.0498421120E+00    3.4186371021E+02    7.0001558725E-01    4.8217055283E+04    1.6144832778E+05    1.1008863764E+00
    6.3504918180E+01   -1.2981665290E+01    3.3933380003E+02   -7.6424109341E+00    3.3941984958E+02    7.0546020706E-01    4.8757440547E+04    1.6253016722E+05    1.0911614887E+00
    6.7018581810E+01   -1.3051139870E+01    3.4343869910E+02   -7.2450034385E+00    3.4351510900E+02    6.9631858231E-01    4.7886051056E+04    1.6079883969E+05    1.1070858660E+00
    7.1397111430E+01   -1.3137716350E+01    3.5126216951E+02   -7.0481712095E+00    3.5133287414E+02    6.7560845583E-01    4.5917256319E+04    1.5648993421E+05    1.1389753996E+00
    7.6853409680E+01   -1.3245604970E+01    3.6017010648E+02   -7.1125178275E+00    3.6024032744E+02    6.5307415479E-01    4.3799613385E+04    1.5187476014E+05    1.1756401807E+00
    8.3652794060E+01   -1.3380052480E+01    3.6804103333E+02   -7.2828364907E+00    3.6811308306E+02    6.3070746711E-01    4.1726193927E+04    1.4704819948E+05    1.2095583820E+00
    9.2125901690E+01   -1.3547597450E+01    3.7572441809E+02   -7.4497440354E+00    3.7579826641E+02    6.1202131641E-01    4.0013730341E+04    1.4325047818E+05    1.2421370282E+00
    1.0268477089E+02   -1.3756388210E+01    3.7940753793E+02   -7.5176104378E+00    3.7948200788E+02    5.9572266673E-01    3.8534339885E+04    1.3922984590E+05    1.2610295761E+00
    1.1584286401E+02   -1.4016579340E+01    3.7940745920E+02   -7.5176068486E+00    3.7948192910E+02    5.9572276754E-01    3.8534348749E+04    1.3922985751E+05    1.2610292760E+00
   -1.3413917200E+00   -3.1817897940E+01    7.3566629696E+01    0.0000000000E+00    7.3566629696E+01    1.1706086855E+00    9.8155625540E+04    2.4855675963E+05    2.1471634997E-01
    9.1489013400E+00   -2.7997494540E+01    7.3566629954E+01    2.1929302711E+01    7.6765508923E+01    1.1982524869E+00    1.0176082301E+05    2.5793267455E+05    2.2263117567E-01
    1.7743498550E+01   -2.4867483350E+01    9.3408997195E+01    3.1990329512E+01    9.8735109962E+01    1.1659925862E+00    9.7990796087E+04    2.5066040067E+05    2.8784775584E-01
    2.4784987760E+01   -2.2303101760E+01    1.0631458057E+02    3.8091672910E+01    1.1293257098E+02    1.1520491101E+00    9.6417435082E+04    2.4839006985E+05    3.2992323858E-01
    3.0554060080E+01   -2.0202127720E+01    1.2045814601E+02    4.3579607959E+01    1.2809897412E+02    1.1328858382E+00    9.4217112267E+04    2.4483773918E+05    3.7541343716E-01
    3.5280679510E+01   -1.8480811930E+01    1.3432153630E+02    4.8714875148E+01    1.4288251879E+02    1.1135632198E+00    9.2010824412E+04    2.4139398820E+05    4.2010036390E-01
    3.9153247660E+01   -1.7070540360E+01    1.4903718770E+02    5.3898048315E+01    1.5848369926E+02    1.0907860171E+00    8.9412751098E+04    2.3723055917E+05    4.6783276440E-01
    4.2326113370E+01   -1.5915099610E+01    1.6478642536E+02    5.9012911022E+01    1.7503453845E+02    1.0648897834E+00    8.6483166581E+04    2.3252047833E+05    5.1909431739E-01
    4.4925726290E+01   -1.4968436220E+01    1.8257359787E+02    6.4029974237E+01    1.9347598363E+02    1.0332885069E+00    8.2934455387E+04    2.2667566020E+05    5.7717345133E-01
    4.7055679380E+01   -1.4192820810E+01    2.0449602962E+02    6.7376648820E+01    2.1530963503E+02    9.9294074720E-01    7.8470851415E+04    2.1919262074E+05    6.4730197355E-01
    4.9245912110E+01   -1.3494964160E+01    2.3213104086E+02    6.5584329621E+01    2.4121800186E+02    9.4006739321E-01    7.2711510593E+04    2.0912821564E+05    7.3303313912E-01
    5.1486408710E+01   -1.2955334700E+01    2.6194714743E+02    5.7283971647E+01    2.6813757934E+02    8.8025851417E-01    6.6347663961E+04    1.9751346824E+05    8.2544086488E-01
    5.3764019790E+01   -1.2577563400E+01    2.9072022667E+02    4.4137585215E+01    2.9405165639E+02    8.1849542432E-01    5.9961299659E+04    1.8528941596E+05    9.1818928723E-01
    5.6065340850E+01   -1.2364190610E+01    3.1790031472E+02    2.6111305430E+01    3.1897086131E+02    7.5721807384E-01    5.3797418417E+04    1.7301414205E+05    1.0113855891E+00
    5.8376803500E+01   -1.2316649350E+01    3.3577463816E+02    7.1306044202E+00    3.3585034339E+02    7.1053882276E-01    4.9269330683E+04    1.6324610095E+05    1.0779220443E+00
    6.0645767600E+01   -1.2359460680E+01    3.3875133951E+02   -4.6139177251E+00    3.3878275968E+02    7.0040451253E-01    4.8303965498E+04    1.6095394285E+05    1.0902858069E+00
    6.3472260180E+01   -1.2412793280E+01    3.3747654514E+02   -7.1084681253E+00    3.3755140177E+02    7.0482765426E-01    4.8722781581E+04    1.6196131980E+05    1.0850539410E+00
    6.6993298720E+01   -1.2479232650E+01    3.4229501492E+02   -7.0384407850E+00    3.4236737124E+02    6.9594320890E-01    4.7856653913E+04    1.6042927146E+05    1.1034282183E+00
    7.1379579410E+01   -1.2562000360E+01    3.5064084756E+02   -6.8267431933E+00    3.5070729733E+02    6.7555618506E-01    4.5904847490E+04    1.5630734072E+05    1.1370570298E+00
    7.6843756600E+01   -1.2665109890E+01    3.5992548701E+02   -6.8729652855E+00    3.5999110246E+02    6.5320970759E-01    4.3796280033E+04    1.5181659686E+05    1.1749934678E+00
    8.3650757510E+01   -1.2793561370E+01    3.6804665923E+02   -7.0411990752E+00    3.6811400660E+02    6.3091924002E-01    4.1725545917E+04    1.4706114233E+05    1.2097738610E+00
    9.2130632620E+01   -1.2953584120E+01    3.7586647279E+02   -7.1866441607E+00    3.7593517157E+02    6.1224823215E-01    4.0012958999E+04    1.4329607797E+05    1.2428318565E+00
    1.0269456436E+02   -1.3152938790E+01    3.7963275712E+02   -7.2192627712E+00    3.7970139324E+02    5.9593753129E-01    3.8533459939E+04    1.3929274481E+05    1.2620005334E+00
    1.1585479368E+02   -1.3401293890E+01    3.7963268868E+02   -7.2192585603E+00    3.7970132474E+02    5.9593763144E-01    3.8533468803E+04    1.3929275869E+05    1.2620002667E+00
   -1.9484990300E+00   -3.0101349610E+01    7.6171242838E+01    0.0000000000E+00    7.6171242838E+01    1.1686650775E+00    9.7927540981E+04    2.4820918387E+05    2.2239224170E-01
    8.6264727800E+00   -2.6485958430E+01    7.6171243039E+01    2.0413878139E+01    7.8859271407E+01    1.1924021675E+00    1.0101285915E+05    2.5623979405E+05    2.2898750696E-01
    1.7292317850E+01   -2.3523274230E+01    9.4186061445E+01    2.9646539830E+01    9.8741741399E+01    1.1651447096E+00    9.7849519271E+04    2.5030383873E+05    2.8797006863E-01
    2.4393725320E+01   -2.1095457340E+01    1.0704014154E+02    3.5746727003E+01    1.1285131985E+02    1.1515781303E+00    9.6323524863E+04    2.4814172796E+05    3.2977911317E-01
    3.0213167820E+01   -1.9105937190E+01    1.2122052042E+02    4.1061343374E+01    1.2798612617E+02    1.1326123675E+00    9.4150185368E+04    2.4465181269E+05    3.7517071974E-01
    3.4982117740E+01   -1.7475577610E+01    1.3520889429E+02    4.5988461852E+01    1.4281590849E+02    1.1132264465E+00    9.1939830778E+04    2.4120247383E+05    4.2000308134E-01
    3.8890251290E+01   -1.6139530400E+01    1.5006235799E+02    5.0857024552E+01    1.5844604202E+02    1.0903574946E+00    8.9334291533E+04    2.3702252210E+05    4.6783502741E-01
    4.2092992540E+01   -1.5044656460E+01    1.6589270017E+02    5.5516341076E+01    1.7493556555E+02    1.0644601148E+00    8.6406966474E+04    2.3230496102E+05    5.1892478357E-01
    4.4717696890E+01   -1.4147412240E+01    1.8336053105E+02    5.9742142109E+01    1.9284762869E+02    1.0336327425E+00    8.2944592789E+04    2.2658199026E+05    5.7535961425E-01
    4.6868719460E+01   -1.3412117490E+01    2.0367443573E+02    6.2007907351E+01    2.1290433613E+02    9.9684327025E-01    7.8867249536E+04    2.1976070748E+05    6.3971359718E-01
    4.9089521780E+01   -1.2750664590E+01    2.2886947058E+02    5.9592339615E+01    2.3650048944E+02    9.5029541173E-01    7.3779090736E+04    2.1102391711E+05    7.1734932318E-01
    5.1357759230E+01   -1.2238528860E+01    2.5674270273E+02    5.1594162897E+01    2.6187549151E+02    8.9639773463E-01    6.8000902715E+04    2.0073918519E+05    8.0357029429E-01
    5.3661025250E+01   -1.1879150670E+01    2.8429334554E+02    3.9376426693E+01    2.8700733318E+02    8.3923037591E-01    6.2024376843E+04    1.8962599181E+05    8.9225372151E-01
    5.5986671240E+01   -1.1674943080E+01    3.1100631168E+02    2.2800420531E+01    3.1184096120E+02    7.8059234534E-01    5.6050313401E+04    1.7808005093E+05    9.8354053655E-01
    5.8321892460E+01   -1.1627276230E+01    3.3105460757E+02    5.2315573099E+00    3.3109594136E+02    7.3056834738E-01    5.1123576282E+04    1.6785304378E+05    1.0578148315E+00
    6.0598429660E+01   -1.1667725950E+01    3.3811504317E+02   -6.0256689340E+00    3.3816873171E+02    7.0968988438E-01    4.9114841807E+04    1.6336649474E+05    1.0864190284E+00
    6.3433210150E+01   -1.1718096700E+01    3.3870477420E+02   -8.0382508595E+00    3.3880014395E+02    7.0719309265E-01    4.8881290190E+04    1.6279099512E+05    1.0891237868E+00
    6.6963154880E+01   -1.1780821780E+01    3.4338628798E+02   -7.1986318475E+00    3.4346173451E+02    6.9685949058E-01    4.7890383641E+04    1.6082880957E+05    1.1072936069E+00
    7.1358775240E+01   -1.1858931950E+01    3.5132879684E+02   -6.4738296371E+00    3.5138843743E+02    6.7622657548E-01    4.5926564587E+04    1.5656455542E+05    1.1395610217E+00
    7.6832415470E+01   -1.1956201640E+01    3.6031890920E+02   -6.3502192509E+00    3.6037486263E+02    6.5375329838E-01    4.3813632957E+04    1.5198556643E+05    1.1765023139E+00
    8.3648517490E+01   -1.2077331390E+01    3.6827906579E+02   -6.5310082152E+00    3.6833697122E+02    6.3134292007E-01    4.1736625082E+04    1.4716938029E+05    1.2107522591E+00
    9.2136404360E+01   -1.2228175150E+01    3.7601824912E+02   -6.7150741781E+00    3.7607820449E+02    6.1257560511E-01    4.0018067829E+04    1.4336492854E+05    1.2435576908E+00
    1.0270619947E+02   -1.2416023240E+01    3.7977207257E+02   -6.7835308264E+00    3.7983265182E+02    5.9620661334E-01    3.8535631927E+04    1.3934729149E+05    1.2626861873E+00
    1.1586863495E+02   -1.2649954860E+01    3.7977201220E+02   -6.7835262013E+00    3.7983259139E+02    5.9620671311E-01    3.8535640802E+04    1.3934730719E+05    1.2626859466E+00
   -2.6440171400E+00   -2.7989633500E+01    7.9466607739E+01    0.0000000000E+00    7.9466607739E+01    1.1661120756E+00    9.7628173877E+04    2.4775239961E+05    2.3211500694E-01
    8.0301409900E+00   -2.4626487800E+01    7.9466607901E+01    1.7788997162E+01    8.1433348152E+01    1.1893802843E+00    1.0060055520E+05    2.5544501038E+05    2.3664560998E-01
    1.6779571680E+01   -2.1869785270E+01    9.5669755447E+01    2.6786764919E+01    9.9349045703E+01    1.1650306040E+00    9.7789128658E+04    2.5022238333E+05    2.8981646892E-01
    2.3951377310E+01   -1.9610166800E+01    1.0822168092E+02    3.2891074775E+01    1.1310948245E+02    1.1515379851E+00    9.6274266093E+04    2.4805191267E+05    3.3061231244E-01
    2.9830081800E+01   -1.7757988250E+01    1.2229473223E+02    3.7966841765E+01    1.2805265559E+02    1.1327590569E+00    9.4126430890E+04    2.4460327569E+05    3.7543741204E-01
    3.4648898760E+01   -1.6239770220E+01    1.3635382400E+02    4.2588122519E+01    1.4284996850E+02    1.1133555385E+00    9.1916717703E+04    2.4115142400E+05    4.2018042333E-01
    3.8598979480E+01   -1.4995284460E+01    1.5131212676E+02    4.7020634182E+01    1.5844967574E+02    1.0904982935E+00    8.9314554659E+04    2.3697557516E+05    4.6792765538E-01
    4.1836995390E+01   -1.3975165280E+01    1.6718791167E+02    5.1091900960E+01    1.7482042258E+02    1.0647467059E+00    8.6404999856E+04    2.3228298996E+05    5.1865893447E-01
    4.4491355150E+01   -1.3138951090E+01    1.8444075560E+02    5.4466660958E+01    1.9231487067E+02    1.0345889347E+00    8.3016806730E+04    2.2667415760E+05    5.7378574150E-01
    4.6667302190E+01   -1.2453478970E+01    2.0371726596E+02    5.6153813974E+01    2.1131487235E+02    9.9962636337E-01    7.9140901351E+04    2.2017089883E+05    6.3472324071E-01
    4.8920542700E+01   -1.1837506060E+01    2.2706490954E+02    5.4500667783E+01    2.3351401657E+02    9.5547662632E-01    7.4317518825E+04    2.1184429205E+05    7.0764162152E-01
    5.1217767060E+01   -1.1359980810E+01    2.5301611979E+02    4.8422503064E+01    2.5760802719E+02    9.0350394314E-01    6.8748181212E+04    2.0184957024E+05    7.8927762902E-01
    5.3547474250E+01   -1.1024107310E+01    2.7908016535E+02    3.8641700429E+01    2.8174264800E+02    8.4793485378E-01    6.2931180572E+04    1.9098202777E+05    8.7405120967E-01
    5.5897937520E+01   -1.0832139080E+01    3.0479650919E+02    2.4856639721E+01    3.0580837881E+02    7.9018112892E-01    5.7040467058E+04    1.7954954912E+05    9.6196030849E-01
    5.8257283820E+01   -1.0785364750E+01    3.2548434510E+02    9.3762661300E+00    3.2561936870E+02    7.3894905285E-01    5.1964095314E+04    1.6908487350E+05    1.0377715850E+00
    6.0542934920E+01   -1.0822920750E+01    3.3472029119E+02   -3.0409421165E+00    3.3473410442E+02    7.1313713970E-01    4.9466763079E+04    1.6361931795E+05    1.0741519618E+00
    6.3387668370E+01   -1.0869665670E+01    3.3709195035E+02   -7.0872596986E+00    3.3716644590E+02    7.0687199825E-01    4.8856792620E+04    1.6232101438E+05    1.0838975705E+00
    6.6928278510E+01   -1.0927847880E+01    3.4241478664E+02   -6.7751822098E+00    3.4248180858E+02    6.9607855582E-01    4.7810538451E+04    1.6034919183E+05    1.1044366254E+00
    7.1335040140E+01   -1.1000266600E+01    3.5062035465E+02   -6.0238904394E+00    3.5067209805E+02    6.7592888692E-01    4.5885707273E+04    1.5627406684E+05    1.1374936537E+00
    7.6819904930E+01   -1.1090406260E+01    3.5981628445E+02   -5.8844597226E+00    3.5986439866E+02    6.5382019768E-01    4.3802761443E+04    1.5184254123E+05    1.1750417220E+00
    8.3646704750E+01   -1.1202604360E+01    3.6796346984E+02   -6.0906120290E+00    3.6801387296E+02    6.3154182976E-01    4.1735673729E+04    1.4710536894E+05    1.2098945457E+00
    9.2143852340E+01   -1.1342260220E+01    3.7583607345E+02   -6.2737485971E+00    3.7588843295E+02    6.1278748218E-01    4.0017373118E+04    1.4333445220E+05    1.2431559072E+00
    1.0272015028E+02   -1.1516094970E+01    3.7969690252E+02   -6.3164771307E+00    3.7974943800E+02    5.9641811246E-01    3.8534903071E+04    1.3934187703E+05    1.2626453931E+00
    1.1588445383E+02   -1.1732475150E+01    3.7969684801E+02   -6.3164721927E+00    3.7974938342E+02    5.9641821195E-01    3.8534911949E+04    1.3934189403E+05    1.2626451715E+00
   -3.4244493700E+00   -2.5389355320E+01    8.2758586232E+01    0.0000000000E+00    8.2758586232E+01    1.1634573123E+00    9.7317152072E+04    2.4727713020E+05    2.4184080310E-01
    7.3651011700E+00   -2.2336822080E+01    8.2758586366E+01    1.5584788496E+01    8.4213236785E+01    1.1835261073E+00    9.9860652621E+04    2.5384833776E+05    2.4502368294E-01
    1.6211961590E+01   -1.9833918240E+01    9.7089087968E+01    2.3727058161E+01    9.9946307042E+01    1.1635589066E+00    9.7574769986E+04    2.4974847368E+05    2.9169444150E-01
    2.3465973270E+01   -1.7781671750E+01    1.0943094079E+02    2.9540461728E+01    1.1334800255E+02    1.1505664359E+00    9.6120413310E+04    2.4769213956E+05    3.3143463399E-01
    2.9413995930E+01   -1.6098927260E+01    1.2342844352E+02    3.4254463615E+01    1.2809351641E+02    1.1321847414E+00    9.4022913756E+04    2.4434569911E+05    3.7566862569E-01
    3.4291232380E+01   -1.4719142240E+01    1.3758575452E+02    3.8494816691E+01    1.4286948856E+02    1.1127812325E+00    9.1816469387E+04    2.4089804667E+05    4.2035873268E-01
    3.8290524370E+01   -1.3587757280E+01    1.5263218460E+02    4.2437754502E+01    1.5842205270E+02    1.0899301688E+00    8.9218035163E+04    2.3672237461E+05    4.6797712820E-01
    4.1569977270E+01   -1.2660039290E+01    1.6846352844E+02    4.5896199410E+01    1.7460361261E+02    1.0643877892E+00    8.6334444895E+04    2.3206079965E+05    5.1813997362E-01
    4.4259214110E+01   -1.1899312610E+01    1.8527449898E+02    4.8472924973E+01    1.9151048124E+02    1.0352044551E+00    8.3055545424E+04    2.2662257972E+05    5.7142242334E-01
    4.6464505540E+01   -1.1275508220E+01    2.0310481872E+02    4.9413829694E+01    2.0902940930E+02    1.0031036684E+00    7.9493588736E+04    2.2064842356E+05    6.2755274408E-01
    4.8749833090E+01   -1.0716465510E+01    2.2424271056E+02    4.7577933164E+01    2.2923449340E+02    9.6394045185E-01    7.5203325594E+04    2.1333510373E+05    6.9362147296E-01
    5.1074933610E+01   -1.0282610490E+01    2.4804040692E+02    4.2093535617E+01    2.5158678265E+02    9.1729568900E-01    7.0179384650E+04    2.0447899395E+05    7.6872977313E-01
    5.3429410000E+01   -9.9768544500E+00    2.7249860732E+02    3.3557265837E+01    2.7455706343E+02    8.6650150175E-01    6.4814452085E+04    1.9469525682E+05    8.4843257800E-01
    5.5802659770E+01   -9.8012510800E+00    2.9706117860E+02    2.1624053212E+01    2.9784718147E+02    8.1235382112E-01    5.9235996230E+04    1.8412313990E+05    9.3220030844E-01
    5.8183946580E+01   -9.7569836600E+00    3.1857985586E+02    8.1247574503E+00    3.1868344206E+02    7.6096191296E-01    5.4073749805E+04    1.7382569181E+05    1.0103775735E+00
    6.0480449870E+01   -9.7909973100E+00    3.3160821785E+02   -3.5927216838E+00    3.3162767947E+02    7.2652362354E-01    5.0705914281E+04    1.6671520011E+05    1.0609192152E+00
    6.3336991030E+01   -9.8333085300E+00    3.3712350116E+02   -7.7750098626E+00    3.3721314596E+02    7.1097035176E-01    4.9201350753E+04    1.6342655811E+05    1.0833722605E+00
    6.6890192450E+01   -9.8859417600E+00    3.4313595004E+02   -6.9651655169E+00    3.4320663417E+02    6.9693587049E-01    4.7851622004E+04    1.6067536970E+05    1.1069798955E+00
    7.1310018090E+01   -9.9514159200E+00    3.5109290519E+02   -5.6244534979E+00    3.5113795373E+02    6.7638962511E-01    4.5896483619E+04    1.5643990656E+05    1.1392591315E+00
    7.6807912830E+01   -1.0032864870E+01    3.5999780060E+02   -5.2302042648E+00    3.6003579193E+02    6.5432453692E-01    4.3822593444E+04    1.5196514506E+05    1.1757885444E+00
    8.3646928990E+01   -1.0134187500E+01    3.6799130918E+02   -5.4129870449E+00    3.6803111833E+02    6.3198215792E-01    4.1752822266E+04    1.4718206902E+05    1.2101243891E+00
    9.2154324430E+01   -1.0260234460E+01    3.7579314926E+02   -5.6200053329E+00    3.7583517064E+02    6.1310882213E-01    4.0025682121E+04    1.4336565212E+05    1.2431765595E+00
    1.0273723471E+02   -1.0417040520E+01    3.7963263889E+02   -5.6861181212E+00    3.7967521969E+02    5.9666447229E-01    3.8538013273E+04    1.3935060130E+05    1.2626083689E+00
    1.1590215597E+02   -1.0612113640E+01    3.7963258856E+02   -5.6861131341E+00    3.7967516930E+02    5.9666457170E-01    3.8538022160E+04    1.3935061927E+05    1.2626081609E+00
   -4.2738442500E+00   -2.2184900350E+01    8.6270610530E+01    0.0000000000E+00    8.6270610530E+01    1.1605105683E+00    9.6972255220E+04    2.4674925661E+05    2.5223169342E-01
    6.6478971600E+00   -1.9515423210E+01    8.6270610646E+01    1.2723161183E+01    8.7203767646E+01    1.1790514162E+00    9.9290033839E+04    2.5270813113E+05    2.5397137720E-01
    1.5606661130E+01   -1.7325743600E+01    9.8919087148E+01    2.0062152346E+01    1.0093302611E+02    1.1624435755E+00    9.7404117841E+04    2.4943147748E+05    2.9469078688E-01
    2.2955320460E+01   -1.5529615580E+01    1.1095075562E+02    2.5457894623E+01    1.1383397810E+02    1.1497826706E+00    9.5990020494E+04    2.4742459352E+05    3.3296818019E-01
    2.8983332170E+01   -1.4056291840E+01    1.2478805858E+02    2.9712745056E+01    1.2827668059E+02    1.1317832405E+00    9.3941150637E+04    2.4416457045E+05    3.7630274552E-01
    3.3928121050E+01   -1.2847741360E+01    1.3900408827E+02    3.3459410894E+01    1.4297436390E+02    1.1123925929E+00    9.1739344734E+04    2.4071794228E+05    4.2077059536E-01
    3.7984425620E+01   -1.1856365270E+01    1.5409794533E+02    3.6806748682E+01    1.5843267814E+02    1.0895968258E+00    8.9149967622E+04    2.3654985690E+05    4.6811554748E-01
    4.1311967090E+01   -1.1043122710E+01    1.6984604612E+02    3.9586299944E+01    1.7439826411E+02    1.0643262374E+00    8.6298821268E+04    2.3193266379E+05    5.1762243598E-01
    4.4041742670E+01   -1.0375992950E+01    1.8622007606E+02    4.1417288988E+01    1.9077030313E+02    1.0359916193E+00    8.3115685065E+04    2.2664079399E+05    5.6922423043E-01
    4.6281190000E+01   -9.8287136300E+00    2.0297018563E+02    4.1890907895E+01    2.0724802634E+02    1.0058091074E+00    7.9765758073E+04    2.2101502304E+05    6.2197928236E-01
    4.8595101130E+01   -9.3407358100E+00    2.2243123232E+02    4.0502388161E+01    2.2608869180E+02    9.6933552111E-01    7.5768415732E+04    2.1419536338E+05    6.8345163005E-01
    5.0943648260E+01   -8.9617716300E+00    2.4438129742E+02    3.6468484336E+01    2.4708737094E+02    9.2542986006E-01    7.1033947565E+04    2.0583461896E+05    7.5374650191E-01
    5.3317779820E+01   -8.6943694800E+00    2.6721829667E+02    3.0105790598E+01    2.6890886320E+02    8.7716476263E-01    6.5921730867E+04    1.9651908611E+05    8.2902454024E-01
    5.5708264180E+01   -8.5403327900E+00    2.9050857592E+02    2.0927169276E+01    2.9126135874E+02    8.2506966920E-01    6.0534858907E+04    1.8633378877E+05    9.0878551680E-01
    5.8105751720E+01   -8.5007089600E+00    3.1194848019E+02    1.0326867244E+01    3.1211936575E+02    7.7396283633E-01    5.5368219208E+04    1.7611969672E+05    9.8624876825E-01
    6.0414966400E+01   -8.5303856400E+00    3.2727127678E+02   -4.9425115189E-01    3.2727165000E+02    7.3464488925E-01    5.1495851925E+04    1.6808233677E+05    1.0447129433E+00
    6.3285253050E+01   -8.5672758700E+00    3.3553217854E+02   -6.1398109336E+00    3.3558834919E+02    7.1221762011E-01    4.9316057233E+04    1.6339495350E+05    1.0778418443E+00
    6.6852991140E+01   -8.6131333500E+00    3.4262649782E+02   -6.1704543359E+00    3.4268205602E+02    6.9563227340E-01    4.7715472086E+04    1.6013307401E+05    1.1058280321E+00
    7.1287723850E+01   -8.6701386800E+00    3.5066215517E+02   -4.8894393176E+00    3.5069624133E+02    6.7550450767E-01    4.5798023363E+04    1.5603448318E+05    1.1383029254E+00
    7.6800225540E+01   -8.7410029000E+00    3.5954821114E+02   -4.4809084383E+00    3.5957613196E+02    6.5418121994E-01    4.3792814826E+04    1.5177321574E+05    1.1745579378E+00
    8.3652531920E+01   -8.8290965700E+00    3.6763013596E+02   -4.7021996815E+00    3.6766020664E+02    6.3213257542E-01    4.1749860942E+04    1.4709860544E+05    1.2090915279E+00
    9.2170409630E+01   -8.9386101600E+00    3.7553432579E+02   -4.9232182112E+00    3.7556659586E+02    6.1328054418E-01    4.0024828845E+04    1.4331376465E+05    1.2424753799E+00
    1.0275885745E+02   -9.0747535200E+00    3.7945321297E+02   -4.9734108413E+00    3.7948580427E+02    5.9683134362E-01    3.8537226324E+04    1.3931775023E+05    1.2621678143E+00
    1.1592136501E+02   -9.2440038400E+00    3.7945316567E+02   -4.9734060175E+00    3.7948575692E+02    5.9683144294E-01    3.8537235212E+04    1.3931776888E+05    1.2621676162E+00
   -5.1551058600E+00   -1.8233912820E+01    8.9621121887E+01    0.0000000000E+00    8.9621121887E+01    1.1575896396E+00    9.6630725425E+04    2.4622566200E+05    2.6215977400E-01
    5.9120680500E+00   -1.6037859170E+01    8.9621121989E+01    9.9386163071E+00    9.0170514032E+01    1.1735733998E+00    9.8610880723E+04    2.5129820110E+05    2.6290160497E-01
    1.4994471660E+01   -1.4235646750E+01    1.0073486660E+02    1.6044269087E+01    1.0200456813E+02    1.1602174797E+00    9.7110690869E+04    2.4881271912E+05    2.9798320286E-01
    2.2448120690E+01   -1.2756632780E+01    1.1245816134E+02    2.0655558901E+01    1.1433936402E+02    1.1480793790E+00    9.5760165482E+04    2.4690511594E+05    3.3459948542E-01
    2.8565187600E+01   -1.1542842250E+01    1.2613385552E+02    2.4242119532E+01    1.2844232117E+02    1.1305730011E+00    9.3774120186E+04    2.4376107486E+05    3.7692238760E-01
    3.3585439280E+01   -1.0546698350E+01    1.4040443611E+02    2.7348883726E+01    1.4304323514E+02    1.1112200362E+00    9.1581133190E+04    2.4032137353E+05    4.2111463157E-01
    3.7705629010E+01   -9.7291588800E+00    1.5551019419E+02    3.0018469614E+01    1.5838096166E+02    1.0885013389E+00    8.9004680025E+04    2.3616397177E+05    4.6810903111E-01
    4.1087207090E+01   -9.0581864300E+00    1.7110221367E+02    3.2107137451E+01    1.7408858607E+02    1.0635611775E+00    8.6193647995E+04    2.3160070697E+05    5.1683258535E-01
    4.3862651590E+01   -8.5074922600E+00    1.8694397165E+02    3.3288587164E+01    1.8988464544E+02    1.0361966845E+00    8.3121241746E+04    2.2648375071E+05    5.6661871919E-01
    4.6140666000E+01   -8.0555052300E+00    2.0258033375E+02    3.3379613287E+01    2.0531193391E+02    1.0080904921E+00    8.0000366778E+04    2.2124793127E+05    6.1596203661E-01
    4.8476822510E+01   -7.6555073200E+00    2.2032630027E+02    3.2111907731E+01    2.2265411114E+02    9.7502237684E-01    7.6371248523E+04    2.1509641691E+05    6.7237111327E-01
    5.0841350160E+01   -7.3448003800E+00    2.4038767508E+02    2.8858771269E+01    2.4211373982E+02    9.3533560174E-01    7.2076222992E+04    2.0760480577E+05    7.3712839456E-01
    5.3226837000E+01   -7.1254835900E+00    2.6149141975E+02    2.3902302618E+01    2.6258157337E+02    8.9133119070E-01    6.7389019777E+04    1.9920078342E+05    8.0709602967E-01
    5.5625722490E+01   -6.9990475800E+00    2.8341111945E+02    1.6801064220E+01    2.8390867966E+02    8.4311771785E-01    6.2362825582E+04    1.8988645256E+05    8.8225853407E-01
    5.8030348200E+01   -6.9663654600E+00    3.0432849164E+02    8.6405872725E+00    3.0445113002E+02    7.9425413004E-01    5.7374566760E+04    1.8024631938E+05    9.5735630940E-01
    6.0354140500E+01   -6.9907111600E+00    3.2199606796E+02   -3.3159679944E-01    3.2199623870E+02    7.5089755451E-01    5.3057722232E+04    1.7157142717E+05    1.0237710038E+00
    6.3240039320E+01   -7.0209487600E+00    3.3401328028E+02   -5.8655930626E+00    3.3406477902E+02    7.1899812105E-01    4.9944070282E+04    1.6498001079E+05    1.0712444454E+00
    6.6824071790E+01   -7.0585044400E+00    3.4294575261E+02   -5.9473449935E+00    3.4299731798E+02    6.9662856892E-01    4.7788475679E+04    1.6044937560E+05    1.1067913539E+00
    7.1275197690E+01   -7.1051500400E+00    3.5105499971E+02   -4.3175899464E+00    3.5108154951E+02    6.7545415494E-01    4.5775054253E+04    1.5606528567E+05    1.1397969579E+00
    7.6803285570E+01   -7.1630865600E+00    3.5963581434E+02   -3.6408120194E+00    3.5965424294E+02    6.5447168993E-01    4.3803995303E+04    1.5183832913E+05    1.1749239079E+00
    8.3669020900E+01   -7.2350480800E+00    3.6757071986E+02   -3.7829934377E+00    3.6759018640E+02    6.3253213845E-01    4.1772268011E+04    1.4716534624E+05    1.2089188825E+00
    9.2196213100E+01   -7.3244309200E+00    3.7543383591E+02   -3.9953394188E+00    3.7545509437E+02    6.1356031632E-01    4.0036982699E+04    1.4333819047E+05    1.2422012008E+00
    1.0278708136E+02   -7.4354539500E+00    3.7933694873E+02   -4.0538168913E+00    3.7935860884E+02    5.9701879976E-01    3.8541670238E+04    1.3931354516E+05    1.2618701412E+00
    1.1594123145E+02   -7.5733578700E+00    3.7933690364E+02   -4.0538125966E+00    3.7935856371E+02    5.9701889905E-01    3.8541679128E+04    1.3931356430E+05    1.2618699505E+00
   -5.9964345900E+00   -1.3362947100E+01    9.2575244126E+01    0.0000000000E+00    9.2575244126E+01    1.1549258245E+00    9.6319559013E+04    2.4574785622E+05    2.7092597912E-01
    5.2161465600E+00   -1.1752812630E+01    9.2575244221E+01    6.8229204726E+00    9.2826332936E+01    1.1691851422E+00    9.8069094758E+04    2.5021001212E+05    2.7088361527E-01
    1.4423253910E+01   -1.0430663410E+01    1.0250777268E+02    1.1390314293E+01    1.0313865774E+02    1.1582499924E+00    9.6854270588E+04    2.4829616652E+05    3.0143884905E-01
    2.1983651180E+01   -9.3449799500E+00    1.1393211799E+02    1.4914991167E+01    1.1490424044E+02    1.1465388197E+00    9.5556188778E+04    2.4645933906E+05    3.3638530115E-01
    2.8191934920E+01   -8.4534576600E+00    1.2743539278E+02    1.7629562171E+01    1.2864906061E+02    1.1294562118E+00    9.3625019607E+04    2.4340912716E+05    3.7764291376E-01
    3.3290003650E+01   -7.7213597500E+00    1.4172959023E+02    1.9930054233E+01    1.4312401549E+02    1.1101306029E+00    9.1439861239E+04    2.3996987928E+05    4.2147105350E-01
    3.7476477340E+01   -7.1201645300E+00    1.5680726743E+02    2.1824797645E+01    1.5831879520E+02    1.0874944526E+00    8.8877025732E+04    2.3582150205E+05    4.6804458735E-01
    4.0914434980E+01   -6.6264542400E+00    1.7222244084E+02    2.3215893502E+01    1.7378016815E+02    1.0628700179E+00    8.6104378832E+04    2.3131004353E+05    5.1601657807E-01
    4.3737770880E+01   -6.2210022000E+00    1.8757782475E+02    2.3884464139E+01    1.8909232657E+02    1.0362829686E+00    8.3121485077E+04    2.2633033192E+05    5.6427709374E-01
    4.6056416230E+01   -5.8880229900E+00    2.0239144291E+02    2.3796670581E+01    2.0378561700E+02    1.0096200013E+00    8.0160527156E+04    2.2136535922E+05    6.1123498155E-01
    4.8408137220E+01   -5.5958914200E+00    2.1890191806E+02    2.2903773020E+01    2.2009687083E+02    9.7862467552E-01    7.6758057957E+04    2.1559872267E+05    6.6419552042E-01
    5.0780590450E+01   -5.3690054800E+00    2.3756370571E+02    2.0783068050E+01    2.3847106782E+02    9.4145440599E-01    7.2728133229E+04    2.0858985957E+05    7.2513706514E-01
    5.3168361700E+01   -5.2089091700E+00    2.5725389801E+02    1.7634509137E+01    2.5785760403E+02    8.9996896477E-01    6.8299341476E+04    2.0066806670E+05    7.9108187371E-01
    5.5565927200E+01   -5.1167032100E+00    2.7803548118E+02    1.3035452616E+01    2.7834089139E+02    8.5414965445E-01    6.3500768938E+04    1.9183896881E+05    8.6276096699E-01
    5.7967690580E+01   -5.0930386100E+00    2.9823881586E+02    7.7349634362E+00    2.9833910395E+02    8.0685698483E-01    5.8648279595E+04    1.8252834452E+05    9.3522650424E-01
    6.0307875150E+01   -5.1107941200E+00    3.1713129680E+02    1.4243414921E+00    3.1713449538E+02    7.6145892770E-01    5.4096523769E+04    1.7353290423E+05    1.0055832441E+00
    6.3211094320E+01   -5.1328239300E+00    3.3206164367E+02   -3.5702906771E+00    3.3208083680E+02    7.2265998560E-01    5.0292881157E+04    1.6557883700E+05    1.0638822006E+00
    6.6812864390E+01   -5.1601571200E+00    3.4278832507E+02   -4.3631987209E+00    3.4281609254E+02    6.9530008266E-01    4.7654022484E+04    1.5999188797E+05    1.1067092515E+00
    7.1281332250E+01   -5.1940709200E+00    3.5103989009E+02   -3.1550125609E+00    3.5105406783E+02    6.7370506765E-01    4.5601346603E+04    1.5551672196E+05    1.1403969976E+00
    7.6825135030E+01   -5.2361502200E+00    3.5936884892E+02   -2.5756219925E+00    3.5937807863E+02    6.5383948290E-01    4.3735990917E+04    1.5156251300E+05    1.1743664904E+00
    8.3703152770E+01   -5.2883617100E+00    3.6726618016E+02   -2.7283425786E+00    3.6727631416E+02    6.3249659110E-01    4.1759922106E+04    1.4705913586E+05    1.2080312199E+00
    9.2236609220E+01   -5.3531458500E+00    3.7519981282E+02   -2.9302575590E+00    3.7521125509E+02    6.1361993144E-01    4.0033655624E+04    1.4327791556E+05    1.2415063462E+00
    1.0282408490E+02   -5.4335309500E+00    3.7916988200E+02   -2.9760902481E+00    3.7918156143E+02    5.9709526363E-01    3.8540112023E+04    1.3927505747E+05    1.2613874902E+00
    1.1596013811E+02   -5.5332747900E+00    3.7916983853E+02   -2.9760868535E+00    3.7918151793E+02    5.9709536283E-01    3.8540120907E+04    1.3927507696E+05    1.2613873049E+00
   -6.6704928300E+00   -7.3647144600E+00    9.4741708011E+01    0.0000000000E+00    9.4741708011E+01    1.1529197930E+00    9.6085419219E+04    2.4538784703E+05    2.7736266084E-01
    4.6581115200E+00   -6.4783326400E+00    9.4741708100E+01    3.5318990086E+00    9.4807518501E+01    1.1654096076E+00    9.7610202646E+04    2.4926312868E+05    2.7686652604E-01
    1.3967113450E+01   -5.7499635300E+00    1.0386779047E+02    6.0664705329E+00    1.0404479787E+02    1.1558498075E+00    9.6558292189E+04    2.4765195247E+05    3.0423716643E-01
    2.1616603960E+01   -5.1514304700E+00    1.1503541807E+02    8.0575603300E+00    1.1531726535E+02    1.1444194028E+00    9.5296967506E+04    2.4585170440E+05    3.3774068728E-01
    2.7902475700E+01   -4.6595809700E+00    1.2838406746E+02    9.5935932302E+00    1.2874201260E+02    1.1276742001E+00    9.3411423123E+04    2.4287387910E+05    3.7804900916E-01
    3.3067867310E+01   -4.2553912100E+00    1.4266772308E+02    1.0876686978E+01    1.4308173024E+02    1.1084032190E+00    9.1238140814E+04    2.3944117883E+05    4.2148375562E-01
    3.7312563820E+01   -3.9232302900E+00    1.5768446970E+02    1.1902270756E+01    1.5813303271E+02    1.0858966918E+00    8.8695054804E+04    2.3531463377E+05    4.6763082825E-01
    4.0800723150E+01   -3.6502555300E+00    1.7291430321E+02    1.2621041200E+01    1.7337429721E+02    1.0616067902E+00    8.5963566934E+04    2.3086414918E+05    5.1492659847E-01
    4.3667227040E+01   -3.4259153100E+00    1.8786084458E+02    1.2924155775E+01    1.8830488769E+02    1.0357347803E+00    8.3063452964E+04    2.2602155275E+05    5.6197483010E-01
    4.6022901230E+01   -3.2415403800E+00    2.0207278304E+02    1.2821152063E+01    2.0247911395E+02    1.0102244314E+00    8.0230426740E+04    2.2128455220E+05    6.0723332329E-01
    4.8386804760E+01   -3.0809501100E+00    2.1766063163E+02    1.2313072845E+01    2.1800862901E+02    9.8097989223E-01    7.7018667532E+04    2.1585855841E+05    6.5756958648E-01
    5.0762120780E+01   -2.9562725900E+00    2.3525669305E+02    1.1163611175E+01    2.3552141694E+02    9.4619179227E-01    7.3239447648E+04    2.0934140831E+05    7.1545684932E-01
    5.3145870510E+01   -2.8683655600E+00    2.5378369526E+02    9.5077336104E+00    2.5396173132E+02    9.0737627565E-01    6.9084126431E+04    2.0197164072E+05    7.7787324849E-01
    5.5535014160E+01   -2.8178438200E+00    2.7360671191E+02    7.1205187404E+00    2.7369935073E+02    8.6437714263E-01    6.4558828579E+04    1.9377289412E+05    8.4641541774E-01
    5.7926471090E+01   -2.8050758000E+00    2.9308159321E+02    4.3701598990E+00    2.9311417327E+02    8.1931863202E-01    5.9909553108E+04    1.8497013921E+05    9.1611749443E-01
    6.0284896260E+01   -2.8146985600E+00    3.1252718165E+02    1.0119040839E+00    3.1252881982E+02    7.7390548339E-01    5.5324662282E+04    1.7610697965E+05    9.8789464261E-01
    6.3207071230E+01   -2.8266229700E+00    3.2996746999E+02   -2.0786487233E+00    3.2997401721E+02    7.2996790720E-01    5.0995245171E+04    1.6722860674E+05    1.0551222166E+00
    6.6827789080E+01   -2.8413995900E+00    3.4280670159E+02   -2.8016881716E+00    3.4281815021E+02    6.9686030497E-01    4.7798663988E+04    1.6044566420E+05    1.1062792682E+00
    7.1314080610E+01   -2.8597108000E+00    3.5150148618E+02   -1.9969767534E+00    3.5150715882E+02    6.7333123385E-01    4.5562517353E+04    1.5550378219E+05    1.1420383325E+00
    7.6872925810E+01   -2.8824023000E+00    3.5955447046E+02   -1.4688365971E+00    3.5955747067E+02    6.5380691190E-01    4.3729170532E+04    1.5158551989E+05    1.1750150597E+00
    8.3760809580E+01   -2.9105221200E+00    3.6727973599E+02   -1.4853023533E+00    3.6728273931E+02    6.3275389032E-01    4.1779486993E+04    1.4712689506E+05    1.2080150961E+00
    9.2295561990E+01   -2.9453690500E+00    3.7516664369E+02   -1.5951878900E+00    3.7517003500E+02    6.1381448682E-01    4.0047037904E+04    1.4331557347E+05    1.2413592754E+00
    1.0287102821E+02   -2.9885526000E+00    3.7911526961E+02   -1.6224036424E+00    3.7911874109E+02    5.9721221452E-01    3.8546197772E+04    1.3928445476E+05    1.2612024445E+00
    1.1597524390E+02   -3.0420673400E+00    3.7911522723E+02   -1.6224016688E+00    3.7911869870E+02    5.9721231363E-01    3.8546206648E+04    1.3928447448E+05    1.2612022629E+00
   -6.9630203200E+00    0.0000000000E+00    9.5565814521E+01    0.0000000000E+00    9.5565814521E+01    1.1521450915E+00    9.5995041276E+04    2.4524877288E+05    2.7981290156E-01
    4.4008166800E+00    0.0000000000E+00    9.5565814609E+01   -2.5985852995E-14    9.5565814609E+01    1.1639445688E+00    9.7433032608E+04    2.4889763250E+05    2.7915896999E-01
    1.3746858780E+01    0.0000000000E+00    1.0441875478E+02    3.1557175043E-14    1.0441875478E+02    1.1547471274E+00    9.6424504557E+04    2.4735652491E+05    3.0539662215E-01
    2.1433400420E+01    0.0000000000E+00    1.1548878769E+02    4.7423287496E-15    1.1548878769E+02    1.1433351515E+00    9.5167641877E+04    2.4554381250E+05    3.3831240971E-01
    2.7755105560E+01    0.0000000000E+00    1.2877426681E+02   -2.6158132774E-15    1.2877426681E+02    1.1266528795E+00    9.3292844340E+04    2.4257364718E+05    3.7821257678E-01
    3.2954317080E+01    0.0000000000E+00    1.4304478914E+02    3.3416456760E-14    1.4304478914E+02    1.1073594687E+00    9.1120150778E+04    2.3912966741E+05    4.2144909051E-01
    3.7230347020E+01    0.0000000000E+00    1.5802477287E+02   -1.7188445066E-14    1.5802477287E+02    1.0848843406E+00    8.8583538276E+04    2.3500461872E+05    4.6738671689E-01
    4.0747117210E+01    0.0000000000E+00    1.7316866164E+02   -4.5070460352E-14    1.7316866164E+02    1.0607232512E+00    8.5868739335E+04    2.3057600679E+05    5.1438557788E-01
    4.3639443200E+01    0.0000000000E+00    1.8795120469E+02   -1.0060269198E-14    1.8795120469E+02    1.0351278016E+00    8.3001304636E+04    2.2578654557E+05    5.6096481610E-01
    4.6018202460E+01    0.0000000000E+00    2.0194689175E+02   -3.2868121908E-14    2.0194689175E+02    1.0100229711E+00    8.0213848235E+04    2.2113027528E+05    6.0563937816E-01
    4.8396961720E+01    0.0000000000E+00    2.1721052752E+02   -7.0368562548E-15    2.1721052752E+02    9.8136981180E-01    7.7067064915E+04    2.1581837893E+05    6.5508671187E-01
    5.0775720980E+01    0.0000000000E+00    2.3445727986E+02   -1.6170912917E-14    2.3445727986E+02    9.4732512681E-01    7.3366674724E+04    2.0945402027E+05    7.1203249635E-01
    5.3154480230E+01    0.0000000000E+00    2.5260514863E+02   -7.3422852013E-16    2.5260514863E+02    9.0925123540E-01    6.9287809946E+04    2.0222889508E+05    7.7337782076E-01
    5.5533239490E+01    0.0000000000E+00    2.7212014413E+02   -1.2350897407E-14    2.7212014413E+02    8.6702946424E-01    6.4838231830E+04    1.9419707360E+05    8.4100392212E-01
    5.7911998750E+01    0.0000000000E+00    2.9136952891E+02   -3.1969899368E-14    2.9136952891E+02    8.2250845852E-01    6.0237030502E+04    1.8550649853E+05    9.0995208240E-01
    6.0290758010E+01    0.0000000000E+00    3.1096117623E+02   -1.6777592776E-14    3.1096117623E+02    7.7702985222E-01    5.5636466991E+04    1.7665933822E+05    9.8215771548E-01
    6.3233671320E+01    0.0000000000E+00    3.2928198131E+02   -1.9981689134E-14    3.2928198131E+02    7.3124853231E-01    5.1118244021E+04    1.6743901460E+05    1.0525639433E+00
    6.6874535250E+01    0.0000000000E+00    3.4290715161E+02   -2.2276571556E-14    3.4290715161E+02    6.9594381386E-01    4.7709233633E+04    1.6018947024E+05    1.1068745300E+00
    7.1378877970E+01    0.0000000000E+00    3.5169957692E+02   -2.7097429624E-14    3.5169957692E+02    6.7184174678E-01    4.5419769108E+04    1.5510034644E+05    1.1431911671E+00
    7.6951484820E+01    0.0000000000E+00    3.5954476713E+02   -1.7066305305E-14    3.5954476713E+02    6.5289701200E-01    4.3641947252E+04    1.5130566289E+05    1.1753284126E+00
    8.3845708720E+01    0.0000000000E+00    3.6716936961E+02   -3.4493893357E-14    3.6716936961E+02    6.3238870182E-01    4.1743604238E+04    1.4698622902E+05    1.2078124585E+00
    9.2374988520E+01    0.0000000000E+00    3.7506001313E+02   -6.5617786273E-14    3.7506001313E+02    6.1368132915E-01    4.0032967685E+04    1.4324569962E+05    1.2410786621E+00
    1.0292709926E+02    0.0000000000E+00    3.7904745281E+02   -2.2397131491E-14    3.7904745281E+02    5.9719043495E-01    3.8542520226E+04    1.3925755711E+05    1.2610024541E+00
    1.1598178864E+02    0.0000000000E+00    3.7904741085E+02   -2.2189587892E-14    3.7904741085E+02    5.9719053398E-01    3.8542529097E+04    1.3925757690E+05    1.2610022739E+00
   -6.6704928300E+00    7.3647144600E+00    9.4741708011E+01   -0.0000000000E+00    9.4741708011E+01    1.1529197930E+00    9.6085419219E+04    2.4538784703E+05    2.7736266084E-01
    4.6581115200E+00    6.4783326400E+00    9.4741708011E+01   -3.5318990104E+00    9.4807518412E+01    1.1654096077E+00    9.7610202657E+04    2.4926312870E+05    2.7686652578E-01
    1.3967113450E+01    5.7499635300E+00    1.0386779039E+02   -6.0664705349E+00    1.0404479778E+02    1.1558498075E+00    9.6558292198E+04    2.4765195248E+05    3.0423716618E-01
    2.1616603960E+01    5.1514304700E+00    1.1503541799E+02   -8.0575603310E+00    1.1531726528E+02    1.1444194029E+00    9.5296967514E+04    2.4585170441E+05    3.3774068704E-01
    2.7902475700E+01    4.6595809700E+00    1.2838406738E+02   -9.5935932279E+00    1.2874201252E+02    1.1276742001E+00    9.3411423130E+04    2.4287387910E+05    3.7804900892E-01
    3.3067867310E+01    4.2553912100E+00    1.4266772300E+02   -1.0876686973E+01    1.4308173016E+02    1.1084032191E+00    9.1238140823E+04    2.3944117884E+05    4.2148375537E-01
    3.7312563820E+01    3.9232302900E+00    1.5768446960E+02   -1.1902270743E+01    1.5813303261E+02    1.0858966919E+00    8.8695054813E+04    2.3531463378E+05    4.6763082795E-01
    4.0800723150E+01    3.6502555300E+00    1.7291430309E+02   -1.2621041183E+01    1.7337429709E+02    1.0616067904E+00    8.5963566950E+04    2.3086414920E+05    5.1492659810E-01
    4.3667227040E+01    3.4259153100E+00    1.8786084443E+02   -1.2924155748E+01    1.8830488754E+02    1.0357347805E+00    8.3063452983E+04    2.2602155277E+05    5.6197482963E-01
    4.6022901230E+01    3.2415403800E+00    2.0207278285E+02   -1.2821152034E+01    2.0247911376E+02    1.0102244317E+00    8.0230426770E+04    2.2128455224E+05    6.0723332269E-01
    4.8386804760E+01    3.0809501100E+00    2.1766063139E+02   -1.2313072808E+01    2.1800862877E+02    9.8097989257E-01    7.7018667569E+04    2.1585855846E+05    6.5756958571E-01
    5.0762120780E+01    2.9562725900E+00    2.3525669273E+02   -1.1163611138E+01    2.3552141662E+02    9.4619179281E-01    7.3239447706E+04    2.0934140840E+05    7.1545684828E-01
    5.3145870510E+01    2.8683655600E+00    2.5378369484E+02   -9.5077335659E+00    2.5396173090E+02    9.0737627639E-01    6.9084126508E+04    2.0197164084E+05    7.7787324707E-01
    5.5535014160E+01    2.8178438200E+00    2.7360671131E+02   -7.1205187032E+00    2.7369935013E+02    8.6437714379E-01    6.4558828699E+04    1.9377289432E+05    8.4641541566E-01
    5.7926471090E+01    2.8050758000E+00    2.9308159232E+02   -4.3701598619E+00    2.9311417239E+02    8.1931863380E-01    5.9909553288E+04    1.8497013952E+05    9.1611749129E-01
    6.0284896260E+01    2.8146985600E+00    3.1252718017E+02   -1.0119041015E+00    3.1252881834E+02    7.7390548654E-01    5.5324662595E+04    1.7610698023E+05    9.8789463716E-01
    6.3207071230E+01    2.8266229700E+00    3.2996746737E+02    2.0786485651E+00    3.2997401459E+02    7.2996791298E-01    5.0995245731E+04    1.6722860783E+05    1.0551222066E+00
    6.6827789080E+01    2.8413995900E+00    3.4280669710E+02    2.8016878449E+00    3.4281814571E+02    6.9686031511E-01    4.7798664955E+04    1.6044566614E+05    1.1062792506E+00
    7.1314080610E+01    2.8597108000E+00    3.5150147897E+02    1.9969764090E+00    3.5150715161E+02    6.7333125024E-01    4.5562518896E+04    1.5550378535E+05    1.1420383036E+00
    7.6872925810E+01    2.8824023000E+00    3.5955445829E+02    1.4688360141E+00    3.5955745849E+02    6.5380693910E-01    4.3729173064E+04    1.5158552512E+05    1.1750150103E+00
    8.3760809580E+01    2.9105221200E+00    3.6727971578E+02    1.4853014753E+00    3.6728271909E+02    6.3275393561E-01    4.1779491150E+04    1.4712690380E+05    1.2080150127E+00
    9.2295561990E+01    2.9453690500E+00    3.7516661084E+02    1.5951861361E+00    3.7517000214E+02    6.1381455902E-01    4.0047044445E+04    1.4331558733E+05    1.2413591383E+00
    1.0287102821E+02    2.9885526000E+00    3.7911522723E+02    1.6224016688E+00    3.7911869870E+02    5.9721231363E-01    3.8546206648E+04    1.3928447448E+05    1.2612022629E+00
    1.1597524390E+02    3.0420673400E+00    3.7911522723E+02    1.6224016688E+00    3.7911869870E+02    5.9721231363E-01    3.8546206648E+04    1.3928447448E+05    1.2612022629E+00
