           0           2           2   11.846710287876984     
           0           2           3   14.475969909489482     
           0           2           4   17.691511230583895     
           0           2           5   21.625980550831375     
           0           2           6   26.444142538530780     
           0           2           7   32.352614908399545     
           0           2           8   39.612702947597477     
           0           2           9   48.551363801302479     
           0           2          10   59.553471579285258     
           0           2          11   73.024592311175454     
           0           2          12   80.350363221388889     
           0           3           2   8.6025442500116274     
           0           3           3   10.512867008032893     
           0           3           4   12.849621031726180     
           0           3           5   15.709336427145438     
           0           3           6   19.211947649528426     
           0           3           7   23.508173231558054     
           0           3           8   28.790456385928405     
           0           3           9   35.304694058833164     
           0           3          10   43.346888954442335     
           0           3          11   53.237076879873314     
           0           3          12   58.653328108774893     
           0           4           2   6.3076247398025203     
           0           4           3   7.7089861192013061     
           0           4           4   9.4234372000012705     
           0           4           5   11.521848496500304     
           0           4           6   14.092276319297648     
           0           4           7   17.245587759763183     
           0           4           8   21.124679666879363     
           0           4           9   25.915899879031777     
           0           4          10   31.848274972173840     
           0           4          11   39.175088941030047     
           0           4          12   43.217402751298778     
           0           5           2   4.6709590845839628     
           0           5           3   5.7091150497467558     
           0           5           4   6.9793738134362364     
           0           5           5   8.5342485364407814     
           0           5           6   10.438975341057056     
           0           5           7   12.775825747800667     
           0           5           8   15.651812433323455     
           0           5           9   19.209241541340461     
           0           5          10   23.626380030313655     
           0           5          11   29.104311425501749     
           0           5          12   32.149996865780082     
           0           6           2   3.4934534755816107     
           0           6           3   4.2701660393988350     
           0           6           4   5.2206267221623106     
           0           6           5   6.3841145421171772     
           0           6           6   7.8094087719467922     
           0           6           7   9.5581149712715820     
           0           6           8   11.711068813667366     
           0           6           9   14.377771111578806     
           0           6          10   17.697792351427676     
           0           6          11   21.831293622381079     
           0           6          12   24.147758016015832     
           0           7           2   2.6383701936360797     
           0           7           3   3.2251510475367233     
           0           7           4   3.9432553446783625     
           0           7           5   4.8223419968404935     
           0           7           6   5.8992267623569372     
           0           7           7   7.2204634804865435     
           0           7           8   8.8476438984458401     
           0           7           9   10.865650272639691     
           0           7          10   13.384374182980400     
           0           7          11   16.531802976410994     
           0           7          12   18.309832700797791     
           0           8           2   2.0113760596559480     
           0           8           3   2.4588457884735329     
           0           8           4   3.0065049431330015     
           0           8           5   3.6769575885947337     
           0           8           6   4.4982478313731997     
           0           8           7   5.5058750328810691     
           0           8           8   6.7471675290619162     
           0           8           9   8.2883913498540949     
           0           8          10   10.216535313752191     
           0           8          11   12.634211075663362     
           0           8          12   14.010934202044176     
           0           9           2   1.5470547777779364     
           0           9           3   1.8913332942718233     
           0           9           4   2.3127314676225708     
           0           9           5   2.8286319315890531     
           0           9           6   3.4605892182823985     
           0           9           7   4.2359125498620784     
           0           9           8   5.1912682146340394     
           0           9           9   6.3787356543188549     
           0           9          10   7.8675219605439395     
           0           9          11   9.7401575612659670     
           0           9          12   10.814929680724218     
           0          10           2   1.3240650813189907     
           0          10           3   1.6225848443565505     
           0          10           4   1.9892761855476331     
           0          10           5   2.4394473826286442     
           0          10           6   2.9913072681975543     
           0          10           7   3.6662644537874667     
           0          10           8   4.4908018798101965     
           0          10           9   5.5021590353926007     
           0          10          10   6.7544593356304219     
           0          10          11   8.3252186904959569     
           0          10          12   9.2358944392207825     
           0          11           2   1.2573985518070110     
           0          11           3   1.5460780681867914     
           0          11           4   1.9025708513188104     
           0          11           5   2.3423320721459850     
           0          11           6   2.8830564199066573     
           0          11           7   3.5437247103053333     
           0          11           8   4.3444299030275433     
           0          11           9   5.3110181643856622     
           0          11          10   6.4852974043130320     
           0          11          11   7.9422829028666628     
           0          11          12   8.7783358072700288     
           0          12           2   1.2054634896863015     
           0          12           3   1.4837875877546638     
           0          12           4   1.8281891351169184     
           0          12           5   2.2540094608200421     
           0          12           6   2.7788345969954680     
           0          12           7   3.4212624201531221     
           0          12           8   4.1998098175529899     
           0          12           9   5.1361150199081855     
           0          12          10   6.2646998046426496     
           0          12          11   7.6515635183980537     
           0          12          12   8.4231008460893904     
           0          13           2   1.1682547185654790     
           0          13           3   1.4389948247282880     
           0          13           4   1.7744376566016320     
           0          13           5   2.1897973043929788     
           0          13           6   2.7025888218607310     
           0          13           7   3.3313038949138578     
           0          13           8   4.0937300681475817     
           0          13           9   5.0089364887071612     
           0          13          10   6.1063334163541896     
           0          13          11   7.4452472497334714     
           0          13          12   8.1726334902457918     
           0          14           2   1.1464732106360405     
           0          14           3   1.4125392066804539     
           0          14           4   1.7423144641246910     
           0          14           5   2.1508694030287998     
           0          14           6   2.6556769063056977     
           0          14           7   3.2753832650994323     
           0          14           8   4.0278756058973277     
           0          14           9   4.9312873587649495     
           0          14          10   6.0121013729483721     
           0          14          11   7.3253175700643389     
           0          14          12   8.0286854448287617     
           0          15           2   1.1400969424615877     
           0          15           3   1.3997813976974931     
           0          15           4   1.7199736540581405     
           0          15           5   2.1149132102059576     
           0          15           6   2.6018103092419369     
           0          15           7   3.2006757976446880     
           0          15           8   3.9335502450276669     
           0          15           9   4.8252686721913900     
           0          15          10   5.9090175597685688     
           0          15          11   7.2440257321384980     
           0          15          12   7.9923064178558674     
           0          16           2   1.2795877583575490     
           0          16           3   1.5658921785844353     
           0          16           4   1.9172545328921287     
           0          16           5   2.3489675469314464     
           0          16           6   2.8801797731532099     
           0          16           7   3.5345791524595613     
           0          16           8   4.3406579979328086     
           0          16           9   5.3328666640891482     
           0          16          10   6.5559781445001333     
           0          16          11   8.0813287710198818     
           0          16          12   8.9707153817686986     
           0          17           2   1.6021651073683101     
           0          17           3   1.9601156108805968     
           0          17           4   2.3991389315996017     
           0          17           5   2.9381590359528276     
           0          17           6   3.6008031829886065     
           0          17           7   4.4162152606741536     
           0          17           8   5.4193610669107493     
           0          17           9   6.6523621260532284     
           0          17          10   8.1695828162970745     
           0          17          11   10.056596146026584     
           0          17          12   11.145256016311963     
           0          18           2   2.0082318164083262     
           0          18           3   2.4562434631527599     
           0          18           4   3.0053917215959509     
           0          18           5   3.6791139670052782     
           0          18           6   4.5065832189905679     
           0          18           7   5.5236788186990156     
           0          18           8   6.7733506640373218     
           0          18           9   8.3071524539267454     
           0          18          10   10.191091117960985     
           0          18          11   12.527425418925946     
           0          18          12   13.860581716133945     
           0          19           2   2.5205691503929111     
           0          19           3   3.0820493414113774     
           0          19           4   3.7698584358032337     
           0          19           5   4.6130536200307342     
           0          19           6   5.6476851206042546     
           0          19           7   6.9179592541351020     
           0          19           8   8.4766949894134687     
           0          19           9   10.387074158907177     
           0          19          10   12.729238978408766     
           0          19          11   15.624785328838190     
           0          19          12   17.258308853381582     
           0          20           2   3.1687921240059809     
           0          20           3   3.8736294479509938     
           0          20           4   4.7365118594800633     
           0          20           5   5.7935095235849463     
           0          20           6   7.0892159560039225     
           0          20           7   8.6781498536616812     
           0          20           8   10.625362265085112     
           0          20           9   13.008416077670923     
           0          20          10   15.924619214606606     
           0          20          11   19.517628939643767     
           0          20          12   21.520759115375835     
           0          21           2   3.9917048390588241     
           0          21           3   4.8782649674809724     
           0          21           4   5.9629264982766577     
           0          21           5   7.2905318991347308     
           0          21           6   8.9163073859281301     
           0          21           7   10.907565187460923     
           0          21           8   13.344559501207961     
           0          21           9   16.322697617690469     
           0          21          10   19.960123696303320     
           0          21          11   24.425077641151432     
           0          21          12   26.883849818312402     
           0          22           2   5.0393536122201148     
           0          22           3   6.1565507052576667     
           0          22           4   7.5223256103952298     
           0          22           5   9.1923898080503292     
           0          22           6   11.235058649774128     
           0          22           7   13.733325957820265     
           0          22           8   16.786135440981820     
           0          22           9   20.510818053253750     
           0          22          10   25.050458360453845     
           0          22          11   30.599042156802067     
           0          22          12   33.616333019183330     
           0          23           2   6.3859001661704067     
           0          23           3   7.8004341629304168     
           0          23           4   9.5289716500609423     
           0          23           5   11.641421792696134     
           0          23           6   14.223132429987043     
           0          23           7   17.377509652725070     
           0          23           8   21.227979195821678     
           0          23           9   25.920583726637688     
           0          23          10   31.630076063329085     
           0          23          11   38.579299558069962     
           0          23          12   42.306359486994680     
