          99           2           2   11.846710287875815     
          99           2           3   14.475969909484926     
          99           2           4   17.691511230571642     
          99           2           5   21.625980550840712     
          99           2           6   26.444142538883167     
          99           2           7   32.352614910836557     
          99           2           8   39.612702958099412     
          99           2           9   48.551363833352347     
          99           2          10   59.553471650807126     
          99           2          11   73.024592425706274     
          99           2          12   80.350363349805804     
          99           3           2   8.6025442500059928     
          99           3           3   10.512867008010620     
          99           3           4   12.849621031662426     
          99           3           5   15.709336427144359     
          99           3           6   19.211947650879132     
          99           3           7   23.508173241315731     
          99           3           8   28.790456427521004     
          99           3           9   35.304694175790793     
          99           3          10   43.346889166298958     
          99           3          11   53.237077099374453     
          99           3          12   58.653328262908978     
          99           4           2   6.3076247397965828     
          99           4           3   7.7089861192028515     
          99           4           4   9.4234372001717190     
          99           4           5   11.521848497938068     
          99           4           6   14.092276327068952     
          99           4           7   17.245587789913941     
          99           4           8   21.124679746993856     
          99           4           9   25.915899986090817     
          99           4          10   31.848274807848558     
          99           4          11   39.175087791333183     
          99           4          12   43.217400768153503     
          99           5           2   4.6709590846082500     
          99           5           3   5.7091150499242778     
          99           5           4   6.9793738145032531     
          99           5           5   8.5342485414104647     
          99           5           6   10.438975358190929     
          99           5           7   12.775825783020553     
          99           5           8   15.651812419432609     
          99           5           9   19.209241097245901     
          99           5          10   23.626378000188890     
          99           5          11   29.104306074038103     
          99           5          12   32.149989234354358     
          99           6           2   3.4934534757127493     
          99           6           3   4.2701660400037182     
          99           6           4   5.2206267245875724     
          99           6           5   6.3841145487585882     
          99           6           6   7.8094087751059256     
          99           6           7   9.5581148787901693     
          99           6           8   11.711068200169304     
          99           6           9   14.377768794115097     
          99           6          10   17.697786296205855     
          99           6          11   21.831282513000374     
          99           6          12   24.147744228501391     
          99           7           2   2.6383701939152684     
          99           7           3   3.2251510483426675     
          99           7           4   3.9432553452454595     
          99           7           5   4.8223419828071448     
          99           7           6   5.8992266419741322     
          99           7           7   7.2204628628683647     
          99           7           8   8.8476416549682835     
          99           7           9   10.865644582036420     
          99           7          10   13.384365323968556     
          99           7          11   16.531796229577516     
          99           7          12   18.309828804202827     
          99           8           2   2.0113760596547809     
          99           8           3   2.4588457865733351     
          99           8           4   3.0065049247840805     
          99           8           5   3.6769574745447282     
          99           8           6   4.4982473018936897     
          99           8           7   5.5058731681083044     
          99           8           8   6.7471627273030235     
          99           8           9   8.2883841173994792     
          99           8          10   10.216539501842945     
          99           8          11   12.634250006680521     
          99           8          12   14.010995377725747     
          99           9           2   1.5470547753886117     
          99           9           3   1.8913332783365886     
          99           9           4   2.3127313773163345     
          99           9           5   2.8286315243328426     
          99           9           6   3.4605877747390292     
          99           9           7   4.2359088178649360     
          99           9           8   5.1912626267294897     
          99           9           9   6.3787403410787995     
          99           9          10   7.8675872350917428     
          99           9          11   9.7403382729004857     
          99           9          12   10.815183481754733     
          99          10           2   1.3240650675723600     
          99          10           3   1.6225847721992162     
          99          10           4   1.9892758569814333     
          99          10           5   2.4394461981530626     
          99          10           6   2.9913040752392890     
          99          10           7   3.6662594694973047     
          99          10           8   4.4908062758960039     
          99          10           9   5.5022195344334968     
          99          10          10   6.7547039635286241     
          99          10          11   8.3257713159704494     
          99          10          12   9.2366358567185234     
          99          11           2   1.2573984797029598     
          99          11           3   1.5460777658494338     
          99          11           4   1.9025697570418989     
          99          11           5   2.3423290725332389     
          99          11           6   2.8830514416333988     
          99          11           7   3.5437281584647762     
          99          11           8   4.3444914284254823     
          99          11           9   5.3112748909485719     
          99          11          10   6.4860310637119785     
          99          11          11   7.9437501677758995     
          99          11          12   8.7802285428526083     
          99          12           2   1.2054631524835453     
          99          12           3   1.4837864673253220     
          99          12           4   1.8281860927416262     
          99          12           5   2.2540042758187635     
          99          12           6   2.7788371204209841     
          99          12           7   3.4213222077833669     
          99          12           8   4.2000792348117510     
          99          12           9   5.1369129273462146     
          99          12          10   6.2665204568619668     
          99          12          11   7.6548265415134598     
          99          12          12   8.4271541148195528     
          99          13           2   1.1682534594986089     
          99          13           3   1.4389915053675111     
          99          13           4   1.7744317362839499     
          99          13           5   2.1897977598517113     
          99          13           6   2.7026444961563314     
          99          13           7   3.3315706407724615     
          99          13           8   4.0945658458574101     
          99          13           9   5.0109222740375374     
          99          13          10   6.1101266504972047     
          99          13          11   7.4513190886918492     
          99          13          12   8.1799151905042056     
          99          14           2   1.1464691886903573     
          99          14           3   1.4125320351551471     
          99          14           4   1.7423126286929747     
          99          14           5   2.1509199411019151     
          99          14           6   2.6559359785138112     
          99          14           7   3.2762197731106499     
          99          14           8   4.0299349435775458     
          99          14           9   4.9353517064082402     
          99          14          10   6.0187148555345384     
          99          14          11   7.3347362797533204     
          99          14          12   8.0396146757583917     
          99          15           2   1.1400829453555026     
          99          15           3   1.3997686276962287     
          99          15           4   1.7200068950353238     
          99          15           5   2.1151411314301076     
          99          15           6   2.6025980952351948     
          99          15           7   3.2026868693476991     
          99          15           8   3.9376618212300736     
          99          15           9   4.8322402558280517     
          99          15          10   5.9190474220323912     
          99          15          11   7.2571281527209388     
          99          15          12   8.0072609280572209     
          99          16           2   1.2795397830587942     
          99          16           3   1.5658783643254330     
          99          16           4   1.9174278040797050     
          99          16           5   2.3497032173230701     
          99          16           6   2.8821972727352621     
          99          16           7   3.5389061710393546     
          99          16           8   4.3483445835056953     
          99          16           9   5.3446671445821750     
          99          16          10   6.5721378905323391     
          99          16          11   8.1020562787749864     
          99          16          12   8.9943046176897070     
          99          17           2   1.6021459033093406     
          99          17           3   1.9603954976669247     
          99          17           4   2.4002434566528805     
          99          17           5   2.9410572516408462     
          99          17           6   3.6068846590482475     
          99          17           7   4.4269930351736786     
          99          17           8   5.4359992401857493     
          99          17           9   6.6756992349938828     
          99          17          10   8.2003926871494652     
          99          17          11   10.095325955293331     
          99          17          12   11.188392638764009     
          99          18           2   2.0092917127344405     
          99          18           3   2.4589840490016193     
          99          18           4   3.0114229220527462     
          99          18           5   3.6908179184639196     
          99          18           6   4.5263972576271119     
          99          18           7   5.5534288401740515     
          99          18           8   6.8134513900811990     
          99          18           9   8.3567685390767235     
          99          18          10   10.248886212248921     
          99          18          11   12.591341309200091     
          99          18          12   13.926135884614858     
          99          19           2   2.5271116798232072     
          99          19           3   3.0933018021506173     
          99          19           4   3.7881326673161326     
          99          19           5   4.6406222369238908     
          99          19           6   5.6844276869997028     
          99          19           7   6.9605161141970013     
          99          19           8   8.5170824986059799     
          99          19           9   10.412252224458671     
          99          19          10   12.723804802456566     
          99          19          11   15.574607597711832     
          99          19          12   17.177710889153659     
          99          20           2   3.1881564034382381     
          99          20           3   3.8941144234076219     
          99          20           4   4.7529173827197342     
          99          20           5   5.7941494112997134     
          99          20           6   7.0543119383043242     
          99          20           7   8.5782166951084218     
          99          20           8   10.420523361101225     
          99          20           9   12.646274024092131     
          99          20          10   15.347765259878518     
          99          20          11   18.674670431138001     
          99          20          12   20.518066023854796     
          99          21           2   4.0035759071869563     
          99          21           3   4.8575741860792307     
          99          21           4   5.8811480125474143     
          99          21           5   7.0997706608712399     
          99          21           6   8.5590150832880276     
          99          21           7   10.307513828705913     
          99          21           8   12.410279308579641     
          99          21           9   14.937374910421182     
          99          21          10   17.989179428353054     
          99          21          11   21.733912284751042     
          99          21          12   23.765722307607454     
          99          22           2   4.9053779430570454     
          99          22           3   5.9381723004562534     
          99          22           4   7.1746107805649819     
          99          22           5   8.6507433679037042     
          99          22           6   10.430964234189471     
          99          22           7   12.583134366111933     
          99          22           8   15.193774165874556     
          99          22           9   18.339290212595031     
          99          22          10   22.108529343455665     
          99          22          11   26.657611991176559     
          99          22          12   29.050703367929462     
          99          23           2   5.8928173537153317     
          99          23           3   7.2289702244346881     
          99          23           4   8.8535322826052223     
          99          23           5   10.852911583694263     
          99          23           6   13.297128760049251     
          99          23           7   16.307295625139766     
          99          23           8   20.004972576074614     
          99          23           9   24.494327444954553     
          99          23          10   29.856490990791436     
          99          23          11   36.206603008647221     
          99          23          12   39.460059451803673     
