          50           2           2   11.846710287876984     
          50           3           2   8.6025442500116274     
          50           4           2   6.3076247398025203     
          50           5           2   4.6709590845839628     
          50           6           2   3.4934534755816107     
          50           7           2   2.6383701936360815     
          50           8           2   2.0113760596559382     
          50           9           2   1.5470547777780819     
          50          10           2   1.3240650813206272     
          50          11           2   1.2573985517982849     
          50          12           2   1.2054634894721106     
          50          13           2   1.1682547179897607     
          50          14           2   1.1464732216051594     
          50          15           2   1.1400970444267744     
          50          16           2   1.2795879037796578     
          50          17           2   1.6021612452125142     
          50          18           2   2.0081918612429841     
          50          19           2   2.5204466954733857     
          50          20           2   3.1698727996417704     
          50          21           2   4.0011616580301164     
          50          22           2   5.0480496821421728     
          50          23           2   6.2866246156930439     
          50           2           3   14.475969909489482     
          50           3           3   10.512867008032893     
          50           4           3   7.7089861192013061     
          50           5           3   5.7091150497467558     
          50           6           3   4.2701660393988394     
          50           7           3   3.2251510475367509     
          50           8           3   2.4588457884735422     
          50           9           3   1.8913332942718095     
          50          10           3   1.6225848443569104     
          50          11           3   1.5460780681437394     
          50          12           3   1.4837875872494464     
          50          13           3   1.4389948252820255     
          50          14           3   1.4125392478612404     
          50          15           3   1.3997816241925254     
          50          16           3   1.5658915369961235     
          50          17           3   1.9601007736723597     
          50          18           3   2.4561765108659421     
          50          19           3   3.0821586977403714     
          50          20           3   3.8760964146734409     
          50          21           3   4.8860057972176127     
          50          22           3   6.1443748470501394     
          50          23           3   7.6913211591496990     
          50           2           4   17.691511230583895     
          50           3           4   12.849621031726180     
          50           4           4   9.4234372000012705     
          50           5           4   6.9793738134362364     
          50           6           4   5.2206267221623461     
          50           7           4   3.9432553446785348     
          50           8           4   3.0065049431327746     
          50           9           4   2.3127314676185438     
          50          10           4   1.9892761855343812     
          50          11           4   1.9025708512446091     
          50          12           4   1.8281891346532595     
          50          13           4   1.7744376646635862     
          50          14           4   1.7423145843850221     
          50          15           4   1.7199739697985481     
          50          16           4   1.9172501632522896     
          50          17           4   2.3990952965320163     
          50          18           4   3.0053054936357544     
          50          19           4   3.7706372181814367     
          50          20           4   4.7414467961642233     
          50          21           4   5.9661479031193361     
          50          22           4   7.4771075503977071     
          50          23           4   9.3959137393408554     
          50           2           5   21.625980550831375     
          50           3           5   15.709336427145438     
          50           4           5   11.521848496500306     
          50           5           5   8.5342485364407867     
          50           6           5   6.3841145421173300     
          50           7           5   4.8223419968408825     
          50           8           5   3.6769575885910775     
          50           9           5   2.8286319315631969     
          50          10           5   2.4394473826108194     
          50          11           5   2.3423320726426486     
          50          12           5   2.2540094636369972     
          50          13           5   2.1897973327400413     
          50          14           5   2.1508696200932707     
          50          15           5   2.1149128273250155     
          50          16           5   2.3489503755514258     
          50          17           5   2.9380524671054169     
          50          18           5   3.6790999974603116     
          50          19           5   4.6155084465370706     
          50          20           5   5.8024243988259094     
          50          21           5   7.2827650159777813     
          50          22           5   9.0930046842809720     
          50          23           5   11.461526150861401     
          50           2           6   26.444142538530780     
          50           3           6   19.211947649528440     
          50           4           6   14.092276319297696     
          50           5           6   10.438975341057100     
          50           6           6   7.8094087719467007     
          50           7           6   5.8992267623543828     
          50           8           6   4.4982478313514358     
          50           9           6   3.4605892182298059     
          50          10           6   2.9913072686594417     
          50          11           6   2.8830564246734887     
          50          12           6   2.7788346107146880     
          50          13           6   2.7025888313323438     
          50          14           6   2.6556767773018231     
          50          15           6   2.6018056309463820     
          50          16           6   2.8801275090207046     
          50          17           6   3.6005888016181609     
          50          18           6   4.5069988405014474     
          50          19           6   5.6538824152102176     
          50          20           6   7.1035012687967667     
          50          21           6   8.8838788037224603     
          50          22           6   11.048309167646186     
          50          23           6   13.961681846979438     
          50           2           7   32.352614908399566     
          50           3           7   23.508173231558210     
          50           4           7   17.245587759763513     
          50           5           7   12.775825747800059     
          50           6           7   9.5581149712649527     
          50           7           7   7.2204634804626542     
          50           8           7   5.5058750328593957     
          50           9           7   4.2359125502551649     
          50          10           7   3.6662644576122760     
          50          11           7   3.5437247277325299     
          50          12           7   3.4212624097389059     
          50          13           7   3.3313034166515298     
          50          14           7   3.2753803495831137     
          50          15           7   3.2006564657691663     
          50          16           7   3.5344513871782972     
          50          17           7   4.4158897632646248     
          50          18           7   5.5255258614944198     
          50          19           7   6.9316545195873331     
          50          20           7   8.6975451039095724     
          50          21           7   10.822718148454888     
          50          22           7   13.405565925916788     
          50          23           7   16.994785370947458     
          50           2           8   39.612702947597597     
          50           3           8   28.790456385929350     
          50           4           8   21.124679666880226     
          50           5           8   15.651812433313829     
          50           6           8   11.711068813617020     
          50           7           8   8.8476438983895438     
          50           8           8   6.7471675296809694     
          50           9           8   5.1912682187818593     
          50          10           8   4.4908018935599685     
          50          11           8   4.3444299040755636     
          50          12           8   4.1998093957080362     
          50          13           8   4.0937269259614055     
          50          14           8   4.0278623852579925     
          50          15           8   3.9334970989037155     
          50          16           8   4.3404157070420348     
          50          17           8   5.4191319029973046     
          50          18           8   6.7788879822386949     
          50          19           8   8.5036040396917674     
          50          20           8   10.644390289818100     
          50          21           8   13.157660843182095     
          50          22           8   16.239812526709301     
          50          23           8   20.685909945840397     
          50           2           9   48.551363801302983     
          50           3           9   35.304694058836581     
          50           4           9   25.915899879028363     
          50           5           9   19.209241541278214     
          50           6           9   14.377771111402673     
          50           7           9   10.865650273028114     
          50           8           9   8.2883913547311838     
          50           9           9   6.3787356695718076     
          50          10           9   5.5021590280872159     
          50          11           9   5.3110178062908666     
          50          12           9   5.1361124981611237     
          50          13           9   5.0089248983715873     
          50          14           9   4.9312505261714241     
          50          15           9   4.8251669140927183     
          50          16           9   5.3325511874157678     
          50          17           9   6.6529696794315987     
          50          18           9   8.3204909773931437     
          50          19           9   10.433998750442671     
          50          20           9   13.010976547785859     
          50          21           9   15.954757893376600     
          50          22           9   19.643864357133666     
          50          23           9   25.203819026798463     
          50           2          10   59.553471579285912     
          50           3          10   43.346888954445774     
          50           4          10   31.848274972127136     
          50           5          10   23.626380030105494     
          50           6          10   17.697792351485447     
          50           7          10   13.384374187016238     
          50           8          10   10.216535329584259     
          50           9          10   7.8675219545825215     
          50          10          10   6.7544589778152906     
          50          11          10   6.4852951185234229     
          50          12          10   6.2646906916387755     
          50          13          10   6.1063053577227517     
          50          14          10   6.0120370244810397     
          50          15          10   5.9089086305391447     
          50          16          10   6.5558626726095408     
          50          17          10   8.1726091652375406     
          50          18          10   10.217917287069836     
          50          19          10   12.800933918393980     
          50          20          10   15.878930189075264     
          50          21          10   19.304466372257234     
          50          22          10   23.752065600409814     
          50          23          10   30.784883717284877     
          50           2          11   73.024592311172384     
          50           3          11   53.237076879852616     
          50           4          11   39.175088940849953     
          50           5          11   29.104311425216117     
          50           6          11   21.831293624379505     
          50           7          11   16.531802989941223     
          50           8          11   12.634211101374895     
          50           9          11   9.7401574396361053     
          50          10          11   8.3252174209818097     
          50          11          11   7.9422765600686045     
          50          12          11   7.6515436044341412     
          50          13          11   7.4452037117024563     
          50          14          11   7.3252626063138102     
          50          15          11   7.2440744187107642     
          50          16          11   8.0820416027113957     
          50          17          11   10.064341028345941     
          50          18          11   12.573380865220420     
          50          19          11   15.722071699186097     
          50          20          11   19.386582543894953     
          50          21          11   23.377087885720773     
          50          22          11   28.755989258854974     
          50          23          11   37.611166828545791     
          50           2          12   80.350363221380832     
          50           3          12   58.653328108725887     
          50           4          12   43.217402751024757     
          50           5          12   32.149996865586111     
          50           6          12   24.147758019781239     
          50           7          12   18.309832720454985     
          50           8          12   14.010934230015577     
          50           9          12   10.814929476470480     
          50          10          12   9.2358926051083809     
          50          11          12   8.7783272081434980     
          50          12          12   8.4230758439326792     
          50          13          12   8.1725866596079300     
          50          14          12   8.0286567096707806     
          50          15          12   7.9925180517709125     
          50          16          12   8.9721841404116240     
          50          17          12   11.156576275956024     
          50          18          12   13.918563405324756     
          50          19          12   17.369689188658338     
          50          20          12   21.339671889067834     
          50          21          12   25.610609116641815     
          50          22          12   31.427276940620970     
          50          23          12   41.143182494040609     
