          24          12
  8.450000000000000E-006  -35.2790031400000     
   10.3063267200000       -31.0457683300000     
   18.7464750600000       -27.5790475300000     
   25.6583495300000       -24.7400525200000     
   31.3186776000000       -22.4151197900000     
   35.9540792000000       -20.5111671000000     
   39.7501397300000       -18.9519667800000     
   42.8588402800000       -17.6750938500000     
   45.4046424600000       -16.6294267600000     
   47.4894714400000       -15.7731008500000     
   49.6073506800000       -15.0032621900000     
   51.7812698000000       -14.4098486600000     
   53.9965602600000       -13.9968688100000     
   56.2382727700000       -13.7671096000000     
   58.4912796000000       -13.7221174200000     
   60.7446195200000       -13.7697112100000     
   63.5539824700000       -13.8290495200000     
   67.0565699700000       -13.9030298600000     
   71.4234387100000       -13.9952652200000     
   76.8678544400000       -14.1102601200000     
   83.6557073700000       -14.2536306000000     
   92.1184974300000       -14.4323784800000     
   102.669523840000       -14.6552332900000     
   115.824050900000       -14.9330787700000     
 -0.374936540000000       -34.3519560700000     
   9.98258225000000       -30.2291715400000     
   18.4656674900000       -26.8525037700000     
   25.4135379700000       -24.0869283000000     
   31.1040367700000       -21.8218508800000     
   35.7647234500000       -19.9666920100000     
   39.5819734800000       -18.4472650300000     
   42.7084311400000       -17.2028096300000     
   45.2691140300000       -16.1835620300000     
   47.3664130900000       -15.3487651200000     
   49.5049991500000       -14.5980475800000     
   51.6980677200000       -14.0188477300000     
   53.9313602300000       -13.6150742100000     
   56.1903441400000       -13.3894496500000     
   58.4603121600000       -13.3434923300000     
   60.7178783300000       -13.3898028900000     
   63.5318777400000       -13.4475287200000     
   67.0394635900000       -13.5194831100000     
   71.4115971200000       -13.6091733300000     
   76.8613814900000       -13.7209712500000     
   83.6544502100000       -13.8603263800000     
   92.1219162000000       -14.0340316300000     
   102.676512890000       -14.2505543600000     
   115.832695610000       -14.5204493100000     
 -0.819220020000000       -33.2145521300000     
   9.59913159000000       -29.2274269200000     
   18.1332775900000       -25.9613973400000     
   25.1239914800000       -23.2860503600000     
   30.8504293700000       -21.0945532900000     
   35.5412583400000       -19.2993947800000     
   39.3837862800000       -17.8288909800000     
   42.5314412100000       -16.6243233600000     
   45.1098986600000       -15.6375939600000     
   47.2221013100000       -14.8293048300000     
   49.3847936400000       -14.1021943700000     
   51.6000682800000       -13.5406147700000     
   53.8541665100000       -13.1483507100000     
   56.1330640100000       -12.9280439900000     
   58.4225664800000       -12.8811759500000     
   60.6852774200000       -12.9259141900000     
   63.5049181800000       -12.9816652900000     
   67.0185818100000       -13.0511398700000     
   71.3971114300000       -13.1377163500000     
   76.8534096800000       -13.2456049700000     
   83.6527940600000       -13.3800524800000     
   92.1259016900000       -13.5475974500000     
   102.684770890000       -13.7563882100000     
   115.842864010000       -14.0165793400000     
  -1.34139172000000       -31.8178979400000     
   9.14890134000000       -27.9974945400000     
   17.7434985500000       -24.8674833500000     
   24.7849877600000       -22.3031017600000     
   30.5540600800000       -20.2021277200000     
   35.2806795100000       -18.4808119300000     
   39.1532476600000       -17.0705403600000     
   42.3261133700000       -15.9150996100000     
   44.9257262900000       -14.9684362200000     
   47.0556793800000       -14.1928208100000     
   49.2459121100000       -13.4949641600000     
   51.4864087100000       -12.9553347000000     
   53.7640197900000       -12.5775634000000     
   56.0653408500000       -12.3641906100000     
   58.3768035000000       -12.3166493500000     
   60.6457676000000       -12.3594606800000     
   63.4722601800000       -12.4127932800000     
   66.9932987200000       -12.4792326500000     
   71.3795794100000       -12.5620003600000     
   76.8437566000000       -12.6651098900000     
   83.6507575100000       -12.7935613700000     
   92.1306326200000       -12.9535841200000     
   102.694564360000       -13.1529387900000     
   115.854793680000       -13.4012938900000     
  -1.94849903000000       -30.1013496100000     
   8.62647278000000       -26.4859584300000     
   17.2923178500000       -23.5232742300000     
   24.3937253200000       -21.0954573400000     
   30.2131678200000       -19.1059371900000     
   34.9821177400000       -17.4755776100000     
   38.8902512900000       -16.1395304000000     
   42.0929925400000       -15.0446564600000     
   44.7176968900000       -14.1474122400000     
   46.8687194600000       -13.4121174900000     
   49.0895217800000       -12.7506645900000     
   51.3577592300000       -12.2385288600000     
   53.6610252500000       -11.8791506700000     
   55.9866712400000       -11.6749430800000     
   58.3218924600000       -11.6272762300000     
   60.5984296600000       -11.6677259500000     
   63.4332101500000       -11.7180967000000     
   66.9631548800000       -11.7808217800000     
   71.3587752400000       -11.8589319500000     
   76.8324154700000       -11.9562016400000     
   83.6485174900000       -12.0773313900000     
   92.1364043600000       -12.2281751500000     
   102.706199470000       -12.4160232400000     
   115.868634950000       -12.6499548600000     
  -2.64401714000000       -27.9896335000000     
   8.03014099000000       -24.6264878000000     
   16.7795716800000       -21.8697852700000     
   23.9513773100000       -19.6101668000000     
   29.8300818000000       -17.7579882500000     
   34.6488987600000       -16.2397702200000     
   38.5989794800000       -14.9952844600000     
   41.8369953900000       -13.9751652800000     
   44.4913551500000       -13.1389510900000     
   46.6673021900000       -12.4534789700000     
   48.9205427000000       -11.8375060600000     
   51.2177670600000       -11.3599808100000     
   53.5474742500000       -11.0241073100000     
   55.8979375200000       -10.8321390800000     
   58.2572838200000       -10.7853647500000     
   60.5429349200000       -10.8229207500000     
   63.3876683700000       -10.8696656700000     
   66.9282785100000       -10.9278478800000     
   71.3350401400000       -11.0002666000000     
   76.8199049300000       -11.0904062600000     
   83.6467047500000       -11.2026043600000     
   92.1438523400000       -11.3422602200000     
   102.720150280000       -11.5160949700000     
   115.884453830000       -11.7324751500000     
  -3.42444937000000       -25.3893553200000     
   7.36510117000000       -22.3368220800000     
   16.2119615900000       -19.8339182400000     
   23.4659732700000       -17.7816717500000     
   29.4139959300000       -16.0989272600000     
   34.2912323800000       -14.7191422400000     
   38.2905243700000       -13.5877572800000     
   41.5699772700000       -12.6600392900000     
   44.2592141100000       -11.8993126100000     
   46.4645055400000       -11.2755082200000     
   48.7498330900000       -10.7164655100000     
   51.0749336100000       -10.2826104900000     
   53.4294100000000       -9.97685445000000     
   55.8026597700000       -9.80125108000000     
   58.1839465800000       -9.75698366000000     
   60.4804498700000       -9.79099731000000     
   63.3369910300000       -9.83330853000000     
   66.8901924500000       -9.88594176000000     
   71.3100180900000       -9.95141592000000     
   76.8079128300000       -10.0328648700000     
   83.6469289900000       -10.1341875000000     
   92.1543244300000       -10.2602344600000     
   102.737234710000       -10.4170405200000     
   115.902155970000       -10.6121136400000     
  -4.27384425000000       -22.1849003500000     
   6.64789716000000       -19.5154232100000     
   15.6066611300000       -17.3257436000000     
   22.9553204600000       -15.5296155800000     
   28.9833321700000       -14.0562918400000     
   33.9281210500000       -12.8477413600000     
   37.9844256200000       -11.8563652700000     
   41.3119670900000       -11.0431227100000     
   44.0417426700000       -10.3759929500000     
   46.2811900000000       -9.82871363000000     
   48.5951011300000       -9.34073581000000     
   50.9436482600000       -8.96177163000000     
   53.3177798200000       -8.69436948000000     
   55.7082641800000       -8.54033279000000     
   58.1057517200000       -8.50070896000000     
   60.4149664000000       -8.53038564000000     
   63.2852530500000       -8.56727587000000     
   66.8529911400000       -8.61313335000000     
   71.2877238500000       -8.67013868000000     
   76.8002255400000       -8.74100290000000     
   83.6525319200000       -8.82909657000000     
   92.1704096300000       -8.93861016000000     
   102.758857450000       -9.07475352000000     
   115.921365010000       -9.24400384000000     
  -5.15510586000000       -18.2339128200000     
   5.91206805000000       -16.0378591700000     
   14.9944716600000       -14.2356467500000     
   22.4481206900000       -12.7566327800000     
   28.5651876000000       -11.5428422500000     
   33.5854392800000       -10.5466983500000     
   37.7056290100000       -9.72915888000000     
   41.0872070900000       -9.05818643000000     
   43.8626515900000       -8.50749226000000     
   46.1406660000000       -8.05550523000000     
   48.4768225100000       -7.65550732000000     
   50.8413501600000       -7.34480038000000     
   53.2268370000000       -7.12548359000000     
   55.6257224900000       -6.99904758000000     
   58.0303482000000       -6.96636546000000     
   60.3541405000000       -6.99071116000000     
   63.2400393200000       -7.02094876000000     
   66.8240717900000       -7.05850444000000     
   71.2751976900000       -7.10515004000000     
   76.8032855700000       -7.16308656000000     
   83.6690209000000       -7.23504808000000     
   92.1962131000000       -7.32443092000000     
   102.787081360000       -7.43545395000000     
   115.941231450000       -7.57335787000000     
  -5.99643459000000       -13.3629471000000     
   5.21614656000000       -11.7528126300000     
   14.4232539100000       -10.4306634100000     
   21.9836511800000       -9.34497995000000     
   28.1919349200000       -8.45345766000000     
   33.2900036500000       -7.72135975000000     
   37.4764773400000       -7.12016453000000     
   40.9144349800000       -6.62645424000000     
   43.7377708800000       -6.22100220000000     
   46.0564162300000       -5.88802299000000     
   48.4081372200000       -5.59589142000000     
   50.7805904500000       -5.36900548000000     
   53.1683617000000       -5.20890917000000     
   55.5659272000000       -5.11670321000000     
   57.9676905800000       -5.09303861000000     
   60.3078751500000       -5.11079412000000     
   63.2110943200000       -5.13282393000000     
   66.8128643900000       -5.16015712000000     
   71.2813322500000       -5.19407092000000     
   76.8251350300000       -5.23615022000000     
   83.7031527700000       -5.28836171000000     
   92.2366092200000       -5.35314585000000     
   102.824084900000       -5.43353095000000     
   115.960138110000       -5.53327479000000     
  -6.67049283000000       -7.36471446000000     
   4.65811152000000       -6.47833264000000     
   13.9671134500000       -5.74996353000000     
   21.6166039600000       -5.15143047000000     
   27.9024757000000       -4.65958097000000     
   33.0678673100000       -4.25539121000000     
   37.3125638200000       -3.92323029000000     
   40.8007231500000       -3.65025553000000     
   43.6672270400000       -3.42591531000000     
   46.0229012300000       -3.24154038000000     
   48.3868047600000       -3.08095011000000     
   50.7621207800000       -2.95627259000000     
   53.1458705100000       -2.86836556000000     
   55.5350141600000       -2.81784382000000     
   57.9264710900000       -2.80507580000000     
   60.2848962600000       -2.81469856000000     
   63.2070712300000       -2.82662297000000     
   66.8277890800000       -2.84139959000000     
   71.3140806100000       -2.85971080000000     
   76.8729258100000       -2.88240230000000     
   83.7608095800000       -2.91052212000000     
   92.2955619900000       -2.94536905000000     
   102.871028210000       -2.98855260000000     
   115.975243900000       -3.04206734000000     
  -6.96302032000000       0.000000000000000E+000
   4.40081668000000       0.000000000000000E+000
   13.7468587800000       0.000000000000000E+000
   21.4334004200000       0.000000000000000E+000
   27.7551055600000       0.000000000000000E+000
   32.9543170800000       0.000000000000000E+000
   37.2303470200000       0.000000000000000E+000
   40.7471172100000       0.000000000000000E+000
   43.6394432000000       0.000000000000000E+000
   46.0182024600000       0.000000000000000E+000
   48.3969617200000       0.000000000000000E+000
   50.7757209800000       0.000000000000000E+000
   53.1544802300000       0.000000000000000E+000
   55.5332394900000       0.000000000000000E+000
   57.9119987500000       0.000000000000000E+000
   60.2907580100000       0.000000000000000E+000
   63.2336713200000       0.000000000000000E+000
   66.8745352500000       0.000000000000000E+000
   71.3788779700000       0.000000000000000E+000
   76.9514848200000       0.000000000000000E+000
   83.8457087200000       0.000000000000000E+000
   92.3749885200000       0.000000000000000E+000
   102.927099260000       0.000000000000000E+000
   115.981788640000       0.000000000000000E+000
