          50           2           2   1.1977799323792138     
          50           3           2   1.1977799323719984     
          50           4           2   1.1977799323521798     
          50           5           2   1.1977799323133218     
          50           6           2   1.1977799323010649     
          50           7           2   1.1977799326621772     
          50           8           2   1.1977799348800295     
          50           9           2   1.1977799430149290     
          50          10           2   1.1977799595919383     
          50          11           2   1.1977799380374852     
          50          12           2   1.1977795693994597     
          50          13           2   1.1977778272537891     
          50          14           2   1.1977738698900309     
          50          15           2   1.1977788061076162     
          50          16           2   1.1978606474316158     
          50          17           2   1.1981902719434530     
          50          18           2   1.1986665503620531     
          50          19           2   1.1968791809381139     
          50          20           2   1.1846154158073565     
          50          21           2   1.1552594998070342     
          50          22           2   1.1537548443720866     
          50          23           2   1.3370130713330486     
          50           2           3   1.1977799323810410     
          50           3           3   1.1977799323774674     
          50           4           3   1.1977799323694123     
          50           5           3   1.1977799323568392     
          50           6           3   1.1977799323647478     
          50           7           3   1.1977799325377760     
          50           8           3   1.1977799334339081     
          50           9           3   1.1977799364819248     
          50          10           3   1.1977799422893274     
          50          11           3   1.1977799323400578     
          50          12           3   1.1977797824196641     
          50          13           3   1.1977790427455657     
          50          14           3   1.1977771355074152     
          50          15           3   1.1977783446896444     
          50          16           3   1.1978161984266442     
          50          17           3   1.1980003681809737     
          50          18           3   1.1983744503978915     
          50          19           3   1.1976019718801556     
          50          20           3   1.1893763048379498     
          50          21           3   1.1643396600497935     
          50          22           3   1.1526608288040794     
          50          23           3   1.3065799093793968     
          50           2           4   1.1977799323830560     
          50           3           4   1.1977799323824123     
          50           4           4   1.1977799323815808     
          50           5           4   1.1977799323811211     
          50           6           4   1.1977799323852343     
          50           7           4   1.1977799324108092     
          50           8           4   1.1977799325197789     
          50           9           4   1.1977799329088932     
          50          10           4   1.1977799339463986     
          50          11           4   1.1977799342596414     
          50          12           4   1.1977799143562375     
          50          13           4   1.1977797591682011     
          50          14           4   1.1977791083836091     
          50          15           4   1.1977782320559340     
          50          16           4   1.1977872025361185     
          50          17           4   1.1978615009174509     
          50          18           4   1.1981097002607617     
          50          19           4   1.1980516288846088     
          50          20           4   1.1935411780406611     
          50          21           4   1.1741254364610088     
          50          22           4   1.1547801603529424     
          50          23           4   1.2774351239392971     
          50           2           5   1.1977799323841469     
          50           3           5   1.1977799323843303     
          50           4           5   1.1977799323846645     
          50           5           5   1.1977799323848839     
          50           6           5   1.1977799323837155     
          50           7           5   1.1977799323762408     
          50           8           5   1.1977799323535654     
          50           9           5   1.1977799323415845     
          50          10           5   1.1977799326337220     
          50          11           5   1.1977799343711182     
          50          12           5   1.1977799376656317     
          50          13           5   1.1977799147304748     
          50          14           5   1.1977796870524178     
          50          15           5   1.1977788800078659     
          50          16           5   1.1977800612202427     
          50          17           5   1.1978093416636537     
          50          18           5   1.1979562459638144     
          50          19           5   1.1980968211305409     
          50          20           5   1.1956463069388668     
          50          21           5   1.1810775812099050     
          50          22           5   1.1592724801815752     
          50          23           5   1.2580874278909986     
          50           2           6   1.1977799323845051     
          50           3           6   1.1977799323846348     
          50           4           6   1.1977799323847316     
          50           5           6   1.1977799323846385     
          50           6           6   1.1977799323838743     
          50           7           6   1.1977799323810856     
          50           8           6   1.1977799323747265     
          50           9           6   1.1977799323751417     
          50          10           6   1.1977799324711289     
          50          11           6   1.1977799330101022     
          50          12           6   1.1977799341356046     
          50          13           6   1.1977799272085514     
          50          14           6   1.1977798466820906     
          50          15           6   1.1977795030722049     
          50          16           6   1.1977797325960464     
          50          17           6   1.1977927215917024     
          50          18           6   1.1978739237116645     
          50          19           6   1.1980091871045875     
          50          20           6   1.1966002740204873     
          50          21           6   1.1857644689079547     
          50          22           6   1.1643540536971020     
          50          23           6   1.2447495553521604     
          50           2           7   1.1977799323845881     
          50           3           7   1.1977799323846252     
          50           4           7   1.1977799323846321     
          50           5           7   1.1977799323846006     
          50           6           7   1.1977799323845115     
          50           7           7   1.1977799323843243     
          50           8           7   1.1977799323841682     
          50           9           7   1.1977799323859353     
          50          10           7   1.1977799324021361     
          50          11           7   1.1977799324772174     
          50          12           7   1.1977799325122924     
          50          13           7   1.1977799296673644     
          50          14           7   1.1977799021837650     
          50          15           7   1.1977797801460397     
          50          16           7   1.1977799054992091     
          50          17           7   1.1977860935290545     
          50          18           7   1.1978303454157990     
          50          19           7   1.1979281326195363     
          50          20           7   1.1970869426524657     
          50          21           7   1.1890570068156232     
          50          22           7   1.1692659148430320     
          50          23           7   1.2347843828367755     
          50           2           8   1.1977799323846061     
          50           3           8   1.1977799323846150     
          50           4           8   1.1977799323846154     
          50           5           8   1.1977799323846152     
          50           6           8   1.1977799323846217     
          50           7           8   1.1977799323846465     
          50           8           8   1.1977799323847154     
          50           9           8   1.1977799323850644     
          50          10           8   1.1977799323875364     
          50          11           8   1.1977799323975169     
          50          12           8   1.1977799323544498     
          50          13           8   1.1977799312263984     
          50          14           8   1.1977799211336115     
          50          15           8   1.1977798761756460     
          50          16           8   1.1977799582362780     
          50          17           8   1.1977830661882254     
          50          18           8   1.1978074336657545     
          50          19           8   1.1978721329981465     
          50          20           8   1.1973524292930249     
          50          21           8   1.1914047649176098     
          50          22           8   1.1737532906403831     
          50          23           8   1.2271296527726518     
          50           2           9   1.1977799323846108     
          50           3           9   1.1977799323846137     
          50           4           9   1.1977799323846137     
          50           5           9   1.1977799323846141     
          50           6           9   1.1977799323846163     
          50           7           9   1.1977799323846203     
          50           8           9   1.1977799323846359     
          50           9           9   1.1977799323847538     
          50          10           9   1.1977799323854967     
          50          11           9   1.1977799323871463     
          50          12           9   1.1977799323578655     
          50          13           9   1.1977799318827320     
          50          14           9   1.1977799279792560     
          50          15           9   1.1977799119606025     
          50          16           9   1.1977799727045422     
          50          17           9   1.1977816162084154     
          50          18           9   1.1977951380380010     
          50          19           9   1.1978352581695948     
          50          20           9   1.1975001242651309     
          50          21           9   1.1930872224994435     
          50          22           9   1.1777285547105230     
          50          23           9   1.2211605647299719     
          50           2          10   1.1977799323846128     
          50           3          10   1.1977799323846137     
          50           4          10   1.1977799323846137     
          50           5          10   1.1977799323846137     
          50           6          10   1.1977799323846137     
          50           7          10   1.1977799323846137     
          50           8          10   1.1977799323846205     
          50           9          10   1.1977799323846627     
          50          10          10   1.1977799323848393     
          50          11          10   1.1977799323844618     
          50          12          10   1.1977799323671239     
          50          13          10   1.1977799321619644     
          50          14          10   1.1977799306703580     
          50          15          10   1.1977799258998152     
          50          16          10   1.1977799723291882     
          50          17          10   1.1977808870457141     
          50          18          10   1.1977884711447635     
          50          19          10   1.1978119622506609     
          50          20          10   1.1975837078110150     
          50          21          10   1.1942849762920158     
          50          22          10   1.1811347918597941     
          50          23          10   1.2165011849767804     
          50           2          11   1.1977799323846137     
          50           3          11   1.1977799323846137     
          50           4          11   1.1977799323846137     
          50           5          11   1.1977799323846137     
          50           6          11   1.1977799323846137     
          50           7          11   1.1977799323846137     
          50           8          11   1.1977799323846157     
          50           9          11   1.1977799323846259     
          50          10          11   1.1977799323846616     
          50          11          11   1.1977799323843781     
          50          12          11   1.1977799323768266     
          50          13          11   1.1977799322897138     
          50          14          11   1.1977799316736857     
          50          15          11   1.1977799302812446     
          50          16          11   1.1977799624094354     
          50          17          11   1.1977805168412521     
          50          18          11   1.1977851751761417     
          50          19          11   1.1978001530716369     
          50          20          11   1.1976362982091462     
          50          21          11   1.1950778931130599     
          50          22          11   1.1837231903381715     
          50          23          11   1.2131901196136863     
          50           2          12   1.1977799323846137     
          50           3          12   1.1977799323846137     
          50           4          12   1.1977799323846137     
          50           5          12   1.1977799323846137     
          50           6          12   1.1977799323846137     
          50           7          12   1.1977799323846137     
          50           8          12   1.1977799323846137     
          50           9          12   1.1977799323846166     
          50          10          12   1.1977799323846299     
          50          11          12   1.1977799323845928     
          50          12          12   1.1977799323824525     
          50          13          12   1.1977799323512863     
          50          14          12   1.1977799320812339     
          50          15          12   1.1977799311637958     
          50          16          12   1.1977799455933444     
          50          17          12   1.1977802554652421     
          50          18          12   1.1977832120814143     
          50          19          12   1.1977948544363366     
          50          20          12   1.1976882837431861     
          50          21          12   1.1957010111553787     
          50          22          12   1.1857708487074403     
          50          23          12   1.2106997673009348     
